Bahing Upper_YR_LN Sherpa.LC Dai 0.027995 0.539 0.388 0.073 217539 -158567 -58972 117761 40806 18166
Bahing Upper_YR_LN Sherpa.LC Pathan 0.024881 0.705 0.307 -0.012 28658 -28944 286 29410 -465 180
Bahing Upper_YR_LN Sherpa.LC Pulliyar 0.019559 0.729 0.277 -0.006 30762 -30867 105 31348 -481 376
Bahing YR_MN Sherpa.LC Dai 0.256504 0.818 0.396 -0.214 252650 -121130 -131520 61060 60070 71450
Bahing YR_MN Sherpa.LC Pathan 0.184844 0.448 0.569 -0.017 8253 -8229 -24 8374 -145 169
Bahing YR_MN Sherpa.LC Pulliyar 0.144015 0.459 0.560 -0.019 8543 -8329 -214 8485 -156 370
Bantawa Upper_YR_LN Sherpa.LC Dai 0.071095 0.152 0.750 0.098 69301 -51721 -17580 39800 11920 5660
Bantawa Upper_YR_LN Sherpa.LC Pathan 0.016516 0.371 0.629 0.000 17288 -17383 95 17567 -185 90
Bantawa Upper_YR_LN Sherpa.LC Pulliyar 0.023137 0.373 0.615 0.012 18269 -18285 17 18485 -200 183
Bantawa YR_MN Sherpa.LC Dai 0.222095 0.407 0.656 -0.063 102321 -49092 -53229 24965 24127 29102
Bantawa YR_MN Sherpa.LC Pathan 0.171684 0.289 0.714 -0.003 4844 -4798 -46 4846 -47 93
Bantawa YR_MN Sherpa.LC Pulliyar 0.178225 0.284 0.711 0.005 5039 -4876 -163 4907 -31 194
Baram Upper_YR_LN Sherpa.LC Dai 0.000063 -4.118 3.663 1.455 7972739 -5757995 -2214744 4198210 1559785 654958
Baram Upper_YR_LN Sherpa.LC Pathan 0.000007 0.605 0.260 0.136 13512 -13592 80 13738 -146 66
Baram Upper_YR_LN Sherpa.LC Pulliyar 0.398880 0.405 0.394 0.201 6119 -6043 -76 6074 -31 107
Baram YR_MN Sherpa.LC Dai 0.010575 -4.002 2.612 2.390 9455435 -4494124 -4961310 2181136 2312988 2648322
Baram YR_MN Sherpa.LC Pathan 0.000183 0.351 0.519 0.130 2982 -2925 -57 2915 10 48
Baram YR_MN Sherpa.LC Pulliyar 0.418494 0.250 0.555 0.195 2272 -2168 -104 2161 7 97
Bodo Upper_YR_LN Sherpa.LC Dai 0.000065 -6.564 5.178 2.386 15927370 -11497457 -4429913 8386164 3111293 1318619
Bodo Upper_YR_LN Sherpa.LC Pathan 0.000000 1.384 -0.594 0.210 40504 -40567 63 40806 -240 177
Bodo Upper_YR_LN Sherpa.LC Pulliyar 0.020647 0.821 -0.131 0.311 8079 -7993 -86 8050 -57 143
Bodo YR_MN Sherpa.LC Dai 0.012513 -6.089 3.361 3.728 15574930 -7426291 -8148639 3628352 3797939 4350700
Bodo YR_MN Sherpa.LC Pathan 0.000000 0.699 0.102 0.200 3760 -3705 -55 3717 -12 67
Bodo YR_MN Sherpa.LC Pulliyar 0.903225 0.491 0.212 0.297 1944 -1848 -97 1848 0 96
Brokkat Upper_YR_LN Sherpa.LC Dai 0.883829 -0.124 1.033 0.091 18850 -13679 -5172 10685 2993 2179
Brokkat Upper_YR_LN Sherpa.LC Pathan 0.207759 0.061 0.935 0.003 6642 -6640 -2 6688 -48 50
Brokkat Upper_YR_LN Sherpa.LC Pulliyar 0.262233 0.053 0.939 0.008 6855 -6789 -66 6824 -35 100
Brokkat YR_MN Sherpa.LC Dai 0.855246 -0.120 1.000 0.120 32013 -15234 -16779 7974 7261 9518
Brokkat YR_MN Sherpa.LC Pathan 0.435341 0.077 0.920 0.004 2253 -2231 -23 2258 -27 50
Brokkat YR_MN Sherpa.LC Pulliyar 0.506890 0.074 0.918 0.008 2294 -2213 -81 2232 -19 100
Brokpa Upper_YR_LN Sherpa.LC Dai 0.344075 -0.090 0.981 0.108 24995 -18224 -6771 13892 4332 2439
Brokpa Upper_YR_LN Sherpa.LC Pathan 0.053474 0.174 0.812 0.014 6366 -6348 -18 6372 -24 42
Brokpa Upper_YR_LN Sherpa.LC Pulliyar 0.173150 0.159 0.816 0.026 6026 -5955 -71 5967 -12 83
Brokpa YR_MN Sherpa.LC Dai 0.337168 -0.045 0.938 0.107 55776 -27296 -28480 13915 13381 15099
Brokpa YR_MN Sherpa.LC Pathan 0.395322 0.143 0.845 0.013 1968 -1928 -40 1932 -4 45
Brokpa YR_MN Sherpa.LC Pulliyar 0.632195 0.132 0.845 0.022 1982 -1888 -95 1883 5 90
Bumthang Upper_YR_LN Sherpa.LC Dai 0.335746 -0.126 1.018 0.108 24714 -18037 -6677 13834 4203 2474
Bumthang Upper_YR_LN Sherpa.LC Pathan 0.154249 0.147 0.836 0.017 5627 -5630 3 5669 -39 37
Bumthang Upper_YR_LN Sherpa.LC Pulliyar 0.354164 0.136 0.837 0.027 5395 -5363 -33 5401 -38 71
Bumthang YR_MN Sherpa.LC Dai 0.314581 -0.125 0.986 0.139 64668 -31283 -33385 15787 15496 17889
Bumthang YR_MN Sherpa.LC Pathan 0.467382 0.115 0.869 0.016 1875 -1848 -27 1859 -11 39
Bumthang YR_MN Sherpa.LC Pulliyar 0.694551 0.105 0.870 0.024 1890 -1818 -73 1822 -4 77
Chali Upper_YR_LN Sherpa.LC Dai 0.047925 -0.293 1.049 0.244 53736 -38372 -15365 28318 10054 5311
Chali Upper_YR_LN Sherpa.LC Pathan 0.000042 0.351 0.622 0.027 13888 -13861 -27 13878 -16 43
Chali Upper_YR_LN Sherpa.LC Pulliyar 0.001173 0.313 0.642 0.046 11467 -11400 -67 11418 -17 84
Chali YR_MN Sherpa.LC Dai 0.025814 -0.088 0.885 0.203 400646 -188636 -212010 89851 98785 113225
Chali YR_MN Sherpa.LC Pathan 0.031678 0.265 0.711 0.024 2562 -2504 -58 2488 16 42
Chali YR_MN Sherpa.LC Pulliyar 0.137890 0.248 0.713 0.039 2496 -2382 -114 2353 29 85
Chamling Upper_YR_LN Sherpa.LC Dai 0.003523 -0.165 0.944 0.221 178051 -125862 -52189 89748 36113 16075
Chamling Upper_YR_LN Sherpa.LC Pathan 0.005637 0.476 0.496 0.028 7467 -7453 -14 7498 -45 59
Chamling Upper_YR_LN Sherpa.LC Pulliyar 0.083419 0.439 0.512 0.049 6279 -6177 -102 6190 -13 115
Chamling YR_MN Sherpa.LC Dai 0.005187 1.267 0.227 -0.494 5739968 -2712441 -3027527 1283498 1428943 1598584
Chamling YR_MN Sherpa.LC Pathan 0.074701 0.306 0.669 0.025 2224 -2183 -42 2195 -13 54
Chamling YR_MN Sherpa.LC Pulliyar 0.339523 0.285 0.673 0.042 2134 -2023 -111 2022 1 111
Chantyal Upper_YR_LN Sherpa.LC Dai 0.001246 -2.913 2.915 0.998 1182110 -850024 -332086 625688 224335 107751
Chantyal Upper_YR_LN Sherpa.LC Pathan 0.000009 -0.007 0.888 0.119 14420 -14364 -55 14362 3 53
Chantyal Upper_YR_LN Sherpa.LC Pulliyar 0.268746 -0.019 0.845 0.175 6110 -6065 -44 6117 -52 96
Chantyal YR_MN Sherpa.LC Dai 0.051902 -3.023 2.261 1.762 1864524 -883026 -981499 436712 446314 535185
Chantyal YR_MN Sherpa.LC Pathan 0.000052 0.084 0.798 0.119 2474 -2441 -33 2455 -14 46
Chantyal YR_MN Sherpa.LC Pulliyar 0.312165 0.025 0.801 0.174 1922 -1858 -64 1887 -30 93
Chepang Upper_YR_LN Sherpa.LC Dai 0.000037 -2.983 2.853 1.130 8796262 -6333004 -2463258 4589686 1743318 719939
Chepang Upper_YR_LN Sherpa.LC Pathan 0.000078 0.693 0.204 0.103 11951 -11878 -73 11870 7 66
Chepang Upper_YR_LN Sherpa.LC Pulliyar 0.356995 0.541 0.299 0.159 6620 -6433 -187 6367 66 121
Chepang YR_MN Sherpa.LC Dai 0.006608 -2.731 2.008 1.723 11867877 -5631468 -6236409 2707736 2923731 3312678
Chepang YR_MN Sherpa.LC Pathan 0.004774 0.431 0.469 0.100 3077 -2991 -86 2967 23 63
Chepang YR_MN Sherpa.LC Pulliyar 0.581318 0.342 0.506 0.152 2610 -2435 -175 2387 49 126
Chetri Upper_YR_LN Sherpa.LC Dai 0.000062 -22.440 16.392 7.048 178593189 -128672239 -49920950 93677806 34994433 14926517
Chetri Upper_YR_LN Sherpa.LC Pathan 0.000000 0.627 -0.269 0.642 241518 -241251 -267 241074 177 90
Chetri Upper_YR_LN Sherpa.LC Pulliyar 0.000000 -3.071 3.162 0.910 11983194 -11898483 -84711 11821133 77350 7361
Chetri YR_MN Sherpa.LC Dai 0.017995 -19.518 9.530 10.988 113046249 -53845443 -59200806 26431303 27414140 31786666
Chetri YR_MN Sherpa.LC Pathan 0.000000 0.240 0.127 0.633 3008 -2968 -40 2956 11 29
Chetri YR_MN Sherpa.LC Pulliyar 0.000000 -1.724 1.786 0.938 794792 -783772 -11020 774482 9290 1730
Dakpa Upper_YR_LN Sherpa.LC Dai 0.104248 -0.232 1.056 0.176 83899 -60413 -23486 45221 15192 8294
Dakpa Upper_YR_LN Sherpa.LC Pathan 0.642246 0.176 0.780 0.043 11615 -11563 -52 11619 -56 108
Dakpa Upper_YR_LN Sherpa.LC Pulliyar 0.732476 0.164 0.775 0.061 11422 -11305 -117 11401 -96 213
Dakpa YR_MN Sherpa.LC Dai 0.229545 -0.406 1.078 0.329 212430 -100771 -111659 49856 50915 60744
Dakpa YR_MN Sherpa.LC Pathan 0.792451 0.135 0.824 0.042 4607 -4532 -75 4570 -38 113
Dakpa YR_MN Sherpa.LC Pulliyar 0.819311 0.115 0.827 0.058 4794 -4604 -190 4638 -34 224
Damai Upper_YR_LN Sherpa.LC Dai 0.000073 -20.895 15.182 6.713 138311638 -99786917 -38524721 72799558 26987359 11537362
Damai Upper_YR_LN Sherpa.LC Pathan 0.000000 2.790 -2.404 0.614 1250769 -1250036 -734 1250425 -389 1122
Damai Upper_YR_LN Sherpa.LC Pulliyar 0.000000 11.773 -11.583 0.810 250078198 -248034493 -2043706 246007789 2026704 17002
Damai YR_MN Sherpa.LC Dai 0.017079 -18.924 9.150 10.774 110807365 -52795182 -58012183 25899859 26895323 31116860
Damai YR_MN Sherpa.LC Pathan 0.000000 1.182 -0.787 0.605 111201 -111342 141 111723 -381 240
Damai YR_MN Sherpa.LC Pulliyar 0.000000 0.080 0.048 0.872 3677 -3465 -211 3418 47 164
Dhimal Upper_YR_LN Sherpa.LC Dai 0.000073 -5.917 4.697 2.220 11574332 -8352001 -3222331 6094486 2257514 964816
Dhimal Upper_YR_LN Sherpa.LC Pathan 0.000000 1.690 -0.879 0.189 84344 -84279 -65 84486 -206 271
Dhimal Upper_YR_LN Sherpa.LC Pulliyar 0.000556 0.984 -0.272 0.288 13246 -13064 -183 13069 -5 188
Dhimal YR_MN Sherpa.LC Dai 0.012550 -5.650 3.146 3.504 13074117 -6235032 -6839085 3048036 3186996 3652089
Dhimal YR_MN Sherpa.LC Pathan 0.000000 0.820 0.005 0.175 5580 -5544 -36 5593 -49 85
Dhimal YR_MN Sherpa.LC Pulliyar 0.223411 0.572 0.156 0.273 2012 -1923 -89 1943 -20 109
Dumi Upper_YR_LN Sherpa.LC Dai 0.057990 0.588 0.446 -0.034 91187 -68476 -22710 52772 15705 7006
Dumi Upper_YR_LN Sherpa.LC Pathan 0.043698 0.483 0.508 0.009 17210 -17209 -1 17311 -102 102
Dumi Upper_YR_LN Sherpa.LC Pulliyar 0.055981 0.482 0.501 0.016 17001 -16935 -66 17072 -137 203
Dumi YR_MN Sherpa.LC Dai 0.374363 0.972 0.399 -0.371 201209 -97208 -104000 49202 48007 55994
Dumi YR_MN Sherpa.LC Pathan 0.017689 0.285 0.710 0.005 6139 -6029 -110 6021 7 103
Dumi YR_MN Sherpa.LC Pulliyar 0.019659 0.281 0.712 0.008 6408 -6139 -269 6087 52 216
Dzala Upper_YR_LN Sherpa.LC Dai 0.477364 -0.133 0.960 0.173 25879 -18607 -7273 14070 4537 2736
Dzala Upper_YR_LN Sherpa.LC Pathan 0.037624 0.303 0.674 0.023 5721 -5714 -7 5745 -31 38
Dzala Upper_YR_LN Sherpa.LC Pulliyar 0.131803 0.284 0.680 0.036 5435 -5397 -39 5433 -36 74
Dzala YR_MN Sherpa.LC Dai 0.452592 -0.114 0.919 0.195 45386 -21587 -23799 10922 10665 13134
Dzala YR_MN Sherpa.LC Pathan 0.713513 0.218 0.761 0.021 1878 -1853 -24 1869 -15 40
Dzala YR_MN Sherpa.LC Pulliyar 0.907675 0.206 0.763 0.031 1880 -1817 -62 1834 -17 79
Gongduk Upper_YR_LN Sherpa.LC Dai 0.009933 -0.045 0.853 0.193 86793 -63712 -23081 47443 16268 6813
Gongduk Upper_YR_LN Sherpa.LC Pathan 0.002266 0.481 0.489 0.030 7698 -7664 -34 7679 -15 49
Gongduk Upper_YR_LN Sherpa.LC Pulliyar 0.033013 0.441 0.509 0.050 6987 -6873 -114 6856 17 98
Gongduk YR_MN Sherpa.LC Dai 0.011882 0.544 0.571 -0.115 685386 -326072 -359314 156014 170058 189256
Gongduk YR_MN Sherpa.LC Pathan 0.140880 0.312 0.659 0.029 2282 -2228 -54 2225 3 51
Gongduk YR_MN Sherpa.LC Pulliyar 0.442801 0.291 0.663 0.046 2271 -2155 -116 2142 13 103
Gurung Upper_YR_LN Sherpa.LC Dai 0.000434 -2.064 2.291 0.773 1026998 -739642 -287356 541581 198061 89295
Gurung Upper_YR_LN Sherpa.LC Pathan 0.000013 0.290 0.625 0.085 8565 -8582 17 8631 -49 33
Gurung Upper_YR_LN Sherpa.LC Pulliyar 0.336942 0.215 0.655 0.130 4363 -4323 -40 4348 -24 65
Gurung YR_MN Sherpa.LC Dai 0.023866 -2.212 1.861 1.351 1780565 -842440 -938125 410649 431791 506334
Gurung YR_MN Sherpa.LC Pathan 0.003085 0.206 0.710 0.084 1994 -1953 -41 1947 6 35
Gurung YR_MN Sherpa.LC Pulliyar 0.894679 0.153 0.720 0.127 1580 -1515 -66 1520 -6 71
Khengpa Upper_YR_LN Sherpa.LC Dai 0.001433 -0.431 1.125 0.307 221411 -159099 -62311 115623 43476 18835
Khengpa Upper_YR_LN Sherpa.LC Pathan 0.000363 0.428 0.533 0.039 7693 -7673 -20 7685 -13 33
Khengpa Upper_YR_LN Sherpa.LC Pulliyar 0.042605 0.395 0.542 0.063 5809 -5772 -37 5799 -27 64
Khengpa YR_MN Sherpa.LC Dai 0.012130 -0.461 1.034 0.427 1001682 -474667 -527015 227528 247139 279876
Khengpa YR_MN Sherpa.LC Pathan 0.111203 0.287 0.676 0.037 1819 -1766 -53 1749 17 36
Khengpa YR_MN Sherpa.LC Pulliyar 0.712674 0.266 0.677 0.057 1750 -1661 -89 1643 18 71
Kulung Upper_YR_LN Sherpa.LC Dai 0.400570 0.595 0.364 0.041 62673 -46224 -16449 35239 10985 5464
Kulung Upper_YR_LN Sherpa.LC Pathan 0.270823 0.690 0.306 0.004 13253 -13176 -76 13216 -40 117
Kulung Upper_YR_LN Sherpa.LC Pulliyar 0.316739 0.688 0.302 0.010 13329 -13103 -226 13103 1 226
Kulung YR_MN Sherpa.LC Dai 0.847339 0.716 0.460 -0.177 72048 -34709 -37339 18342 16366 20972
Kulung YR_MN Sherpa.LC Pathan 0.426193 0.408 0.595 -0.002 4652 -4552 -99 4556 -3 102
Kulung YR_MN Sherpa.LC Pulliyar 0.453795 0.410 0.593 -0.003 4861 -4619 -241 4584 36 206
Kurtop Upper_YR_LN Sherpa.LC Dai 0.043315 -0.408 1.159 0.249 65936 -47228 -18708 34844 12384 6324
Kurtop Upper_YR_LN Sherpa.LC Pathan 0.000260 0.257 0.712 0.031 6962 -7008 46 7090 -83 36
Kurtop Upper_YR_LN Sherpa.LC Pulliyar 0.008957 0.222 0.728 0.050 6577 -6554 -23 6603 -49 72
Kurtop YR_MN Sherpa.LC Dai 0.075443 -0.499 1.109 0.390 193508 -90696 -102812 43836 46860 55952
Kurtop YR_MN Sherpa.LC Pathan 0.027212 0.199 0.772 0.030 1961 -1937 -24 1949 -13 36
Kurtop YR_MN Sherpa.LC Pulliyar 0.187270 0.175 0.778 0.047 1898 -1825 -72 1827 -2 74
Lakha Upper_YR_LN Sherpa.LC Dai 0.899067 -0.169 1.109 0.060 25003 -18054 -6949 13888 4166 2783
Lakha Upper_YR_LN Sherpa.LC Pathan 0.543600 -0.031 1.026 0.005 7093 -7032 -61 7034 -2 63
Lakha Upper_YR_LN Sherpa.LC Pulliyar 0.616033 -0.036 1.028 0.009 7263 -7128 -135 7117 11 124
Lakha YR_MN Sherpa.LC Dai 0.906616 -0.191 1.078 0.113 41489 -19708 -21781 10214 9494 12287
Lakha YR_MN Sherpa.LC Pathan 0.638124 -0.004 0.998 0.006 2565 -2509 -56 2514 -5 62
Lakha YR_MN Sherpa.LC Pulliyar 0.703179 -0.007 0.997 0.010 2642 -2511 -131 2503 8 123
Layap Upper_YR_LN Sherpa.LC Dai 0.738732 -0.207 1.103 0.104 27670 -19954 -7715 15241 4713 3002
Layap Upper_YR_LN Sherpa.LC Pathan 0.559422 0.036 0.946 0.018 6138 -6094 -45 6104 -11 55
Layap Upper_YR_LN Sherpa.LC Pulliyar 0.692241 0.021 0.953 0.026 6262 -6152 -110 6150 2 108
Layap YR_MN Sherpa.LC Dai 0.769480 -0.245 1.074 0.172 48799 -23108 -25691 11831 11277 14414
Layap YR_MN Sherpa.LC Pathan 0.752730 0.043 0.940 0.017 2400 -2344 -56 2343 1 56
Layap YR_MN Sherpa.LC Pulliyar 0.826984 0.033 0.942 0.025 2513 -2385 -128 2368 17 111
Lhasa Upper_YR_LN Sherpa.LC Dai 0.846676 -0.085 1.050 0.035 16912 -12473 -4439 9768 2704 1735
Lhasa Upper_YR_LN Sherpa.LC Pathan 0.583270 0.002 0.996 0.002 5108 -5093 -15 5119 -26 41
Lhasa Upper_YR_LN Sherpa.LC Pulliyar 0.663845 -0.006 1.001 0.005 5295 -5235 -60 5258 -23 84
Lhasa YR_MN Sherpa.LC Dai 0.832321 -0.049 1.011 0.038 26065 -12740 -13326 6752 5987 7338
Lhasa YR_MN Sherpa.LC Pathan 0.709362 0.016 0.982 0.002 1831 -1797 -34 1803 -6 40
Lhasa YR_MN Sherpa.LC Pulliyar 0.773202 0.013 0.981 0.005 1876 -1789 -87 1786 3 84
Limbu Upper_YR_LN Sherpa.LC Dai 0.007260 0.125 0.716 0.159 83421 -61791 -21629 46254 15537 6092
Limbu Upper_YR_LN Sherpa.LC Pathan 0.000502 0.598 0.386 0.016 8259 -8212 -47 8207 5 42
Limbu Upper_YR_LN Sherpa.LC Pulliyar 0.005549 0.562 0.406 0.031 7883 -7746 -137 7692 53 84
Limbu YR_MN Sherpa.LC Dai 0.033280 0.252 0.676 0.071 172921 -83089 -89832 40510 42579 47253
Limbu YR_MN Sherpa.LC Pathan 0.125461 0.365 0.621 0.014 2036 -2005 -31 2016 -11 41
Limbu YR_MN Sherpa.LC Pulliyar 0.358366 0.351 0.623 0.026 2000 -1920 -79 1924 -4 83
Magar Upper_YR_LN Sherpa.LC Dai 0.000088 -2.405 2.482 0.923 2794735 -2006320 -788415 1454748 551572 236843
Magar Upper_YR_LN Sherpa.LC Pathan 0.000002 0.554 0.354 0.092 8189 -8172 -17 8197 -25 41
Magar Upper_YR_LN Sherpa.LC Pulliyar 0.193040 0.429 0.431 0.140 3908 -3856 -51 3876 -19 71
Magar YR_MN Sherpa.LC Dai 0.010080 -2.546 1.957 1.588 4555399 -2163685 -2391714 1047516 1116169 1275545
Magar YR_MN Sherpa.LC Pathan 0.002193 0.336 0.574 0.090 1894 -1872 -23 1885 -14 36
Magar YR_MN Sherpa.LC Pulliyar 0.846002 0.274 0.592 0.134 1496 -1443 -53 1459 -17 70
Majhi Upper_YR_LN Sherpa.LC Dai 0.000096 -8.503 6.620 2.883 19393335 -13992463 -5400872 10224988 3767474 1633398
Majhi Upper_YR_LN Sherpa.LC Pathan 0.000000 1.448 -0.714 0.266 385783 -386142 360 386792 -650 290
Majhi Upper_YR_LN Sherpa.LC Pulliyar 0.182954 0.404 0.206 0.390 4569 -4475 -95 4477 -2 97
Majhi YR_MN Sherpa.LC Dai 0.017152 -7.892 4.279 4.612 19921800 -9485087 -10436713 4649226 4835861 5600852
Majhi YR_MN Sherpa.LC Pathan 0.000000 0.567 0.183 0.250 5258 -5170 -88 5148 22 66
Majhi YR_MN Sherpa.LC Pulliyar 0.948042 0.266 0.355 0.380 1557 -1446 -111 1428 18 93
Mangde Upper_YR_LN Sherpa.LC Dai 0.026531 -0.196 1.034 0.162 72174 -52388 -19786 38845 13543 6242
Mangde Upper_YR_LN Sherpa.LC Pathan 0.143844 0.228 0.742 0.030 5065 -5042 -23 5062 -20 43
Mangde Upper_YR_LN Sherpa.LC Pulliyar 0.432821 0.202 0.752 0.046 4965 -4878 -87 4877 0 87
Mangde YR_MN Sherpa.LC Dai 0.060749 -0.279 1.027 0.251 223116 -106573 -116544 51941 54632 61912
Mangde YR_MN Sherpa.LC Pathan 0.394210 0.158 0.814 0.028 1998 -1952 -46 1951 1 45
Mangde YR_MN Sherpa.LC Pulliyar 0.619576 0.136 0.821 0.043 2087 -1971 -116 1950 21 95
Monpa Upper_YR_LN Sherpa.LC Dai 0.055244 -0.076 0.880 0.197 52793 -38504 -14290 28907 9596 4694
Monpa Upper_YR_LN Sherpa.LC Pathan 0.003170 0.427 0.547 0.026 10080 -10020 -60 10013 6 54
Monpa Upper_YR_LN Sherpa.LC Pulliyar 0.017837 0.405 0.553 0.042 9956 -9814 -141 9781 33 108
Monpa YR_MN Sherpa.LC Dai 0.079787 -0.188 0.919 0.269 200120 -95138 -104982 46156 48982 56000
Monpa YR_MN Sherpa.LC Pathan 0.160429 0.291 0.685 0.024 2781 -2725 -56 2726 0 56
Monpa YR_MN Sherpa.LC Pulliyar 0.298434 0.277 0.686 0.037 2856 -2733 -122 2726 8 115
Nachiring Upper_YR_LN Sherpa.LC Dai 0.065438 -0.345 1.019 0.326 190425 -134032 -56393 96972 37060 19333
Nachiring Upper_YR_LN Sherpa.LC Pathan 0.004610 0.474 0.484 0.042 26494 -26527 32 26749 -222 190
Nachiring Upper_YR_LN Sherpa.LC Pulliyar 0.035963 0.436 0.490 0.074 23456 -23377 -80 23677 -300 380
Nachiring YR_MN Sherpa.LC Dai 0.072656 -0.053 0.800 0.253 673517 -317880 -355637 152733 165147 190490
Nachiring YR_MN Sherpa.LC Pathan 0.079722 0.347 0.616 0.037 7959 -7852 -107 7930 -78 185
Nachiring YR_MN Sherpa.LC Pulliyar 0.235007 0.321 0.616 0.063 7832 -7548 -285 7641 -93 378
Nagqu Upper_YR_LN Sherpa.LC Dai 0.042341 -0.027 0.881 0.147 31204 -22404 -8799 16557 5847 2953
Nagqu Upper_YR_LN Sherpa.LC Pathan 0.054598 0.380 0.597 0.024 4443 -4437 -6 4463 -26 32
Nagqu Upper_YR_LN Sherpa.LC Pulliyar 0.162467 0.352 0.611 0.036 4296 -4234 -62 4235 -1 63
Nagqu YR_MN Sherpa.LC Dai 0.049416 0.002 0.863 0.135 97071 -46493 -50578 22759 23734 26843
Nagqu YR_MN Sherpa.LC Pathan 0.630242 0.241 0.737 0.022 1481 -1447 -34 1444 3 32
Nagqu YR_MN Sherpa.LC Pulliyar 0.691905 0.227 0.741 0.032 1556 -1478 -78 1467 12 66
Newar Upper_YR_LN Sherpa.LC Dai 0.000061 -12.972 9.768 4.203 60744617 -43809700 -16934917 31927379 11882321 5052596
Newar Upper_YR_LN Sherpa.LC Pathan 0.000000 0.915 -0.295 0.380 52441 -52619 178 52899 -280 102
Newar Upper_YR_LN Sherpa.LC Pulliyar 0.000000 0.325 0.136 0.539 9466 -9386 -80 9405 -20 100
Newar YR_MN Sherpa.LC Dai 0.015616 -11.560 5.943 6.617 45071072 -21461699 -23609373 10508547 10953152 12656221
Newar YR_MN Sherpa.LC Pathan 0.000000 0.427 0.202 0.370 4734 -4744 9 4798 -54 45
Newar YR_MN Sherpa.LC Pulliyar 0.000000 0.154 0.313 0.533 2804 -2710 -94 2713 -3 98
Ngalop Upper_YR_LN Sherpa.LC Dai 0.000157 -0.881 1.459 0.422 782602 -562240 -220362 407196 155044 65318
Ngalop Upper_YR_LN Sherpa.LC Pathan 0.012460 0.420 0.525 0.055 4618 -4584 -35 4583 0 35
Ngalop Upper_YR_LN Sherpa.LC Pulliyar 0.078070 0.375 0.545 0.081 4015 -3941 -74 3935 7 67
Ngalop YR_MN Sherpa.LC Dai 0.008146 -0.970 1.280 0.690 2534270 -1196283 -1337987 571165 625119 712868
Ngalop YR_MN Sherpa.LC Pathan 0.281912 0.267 0.680 0.053 1584 -1541 -44 1534 7 36
Ngalop YR_MN Sherpa.LC Pulliyar 0.216681 0.238 0.687 0.075 1738 -1655 -83 1645 10 72
Nup Upper_YR_LN Sherpa.LC Dai 0.870364 0.012 0.884 0.104 16985 -12294 -4691 9436 2858 1833
Nup Upper_YR_LN Sherpa.LC Pathan 0.331558 0.259 0.727 0.014 4798 -4754 -44 4753 1 43
Nup Upper_YR_LN Sherpa.LC Pulliyar 0.453109 0.251 0.728 0.022 4811 -4714 -97 4702 12 85
Nup YR_MN Sherpa.LC Dai 0.875315 -0.007 0.896 0.111 26301 -12705 -13596 6691 6014 7582
Nup YR_MN Sherpa.LC Pathan 0.872587 0.175 0.812 0.013 1812 -1765 -47 1763 2 45
Nup YR_MN Sherpa.LC Pulliyar 0.909367 0.169 0.813 0.018 1882 -1780 -102 1769 11 91
Nyingchi Upper_YR_LN Sherpa.LC Dai 0.184289 0.067 0.848 0.085 27234 -19858 -7376 14917 4941 2435
Nyingchi Upper_YR_LN Sherpa.LC Pathan 0.040859 0.303 0.689 0.008 5729 -5705 -24 5715 -10 34
Nyingchi Upper_YR_LN Sherpa.LC Pulliyar 0.093544 0.287 0.696 0.017 5776 -5692 -84 5677 15 69
Nyingchi YR_MN Sherpa.LC Dai 0.367745 0.228 0.783 -0.011 44464 -22265 -22198 11603 10662 11536
Nyingchi YR_MN Sherpa.LC Pathan 0.426144 0.202 0.791 0.007 1706 -1665 -41 1661 5 36
Nyingchi YR_MN Sherpa.LC Pulliyar 0.542687 0.196 0.792 0.012 1746 -1656 -90 1641 15 76
Puma Upper_YR_LN Sherpa.LC Dai 0.076437 0.060 0.775 0.165 185736 -134266 -51470 99318 34947 16523
Puma Upper_YR_LN Sherpa.LC Pathan 0.021812 0.495 0.485 0.020 25186 -25292 106 25573 -281 174
Puma Upper_YR_LN Sherpa.LC Pulliyar 0.042252 0.470 0.493 0.037 24652 -24550 -101 24795 -244 346
Puma YR_MN Sherpa.LC Dai 0.189039 0.415 0.608 -0.024 159525 -78757 -80768 41168 37589 43179
Puma YR_MN Sherpa.LC Pathan 0.206869 0.356 0.629 0.016 8196 -8130 -66 8235 -105 171
Puma YR_MN Sherpa.LC Pulliyar 0.284751 0.342 0.631 0.028 8391 -8109 -281 8176 -67 348
Sampang Upper_YR_LN Sherpa.LC Dai 0.083501 0.059 0.791 0.150 77103 -55226 -21877 40419 14807 7069
Sampang Upper_YR_LN Sherpa.LC Pathan 0.019751 0.482 0.502 0.016 11541 -11458 -83 11459 0 83
Sampang Upper_YR_LN Sherpa.LC Pulliyar 0.062949 0.458 0.509 0.032 10720 -10523 -198 10492 31 167
Sampang YR_MN Sherpa.LC Dai 0.246357 0.383 0.648 -0.031 151537 -73222 -78315 36362 36860 41455
Sampang YR_MN Sherpa.LC Pathan 0.320499 0.319 0.668 0.013 3348 -3287 -61 3310 -23 85
Sampang YR_MN Sherpa.LC Pulliyar 0.472189 0.307 0.670 0.024 3387 -3227 -160 3239 -12 172
Sarki Upper_YR_LN Sherpa.LC Dai 0.000066 -17.371 12.817 5.554 101562102 -73436770 -28125332 53676040 19760730 8364602
Sarki Upper_YR_LN Sherpa.LC Pathan 0.000000 1.066 -0.566 0.499 120348 -121388 1039 122613 -1225 185
Sarki Upper_YR_LN Sherpa.LC Pulliyar 0.000000 -2.557 2.813 0.743 2511293 -2490782 -20511 2470642 20140 371
Sarki YR_MN Sherpa.LC Dai 0.016439 -15.227 7.567 8.660 75243133 -35920090 -39323043 17639811 18280279 21042764
Sarki YR_MN Sherpa.LC Pathan 0.000000 0.433 0.084 0.484 8024 -7963 -61 7980 -17 78
Sarki YR_MN Sherpa.LC Pulliyar 0.000000 0.114 0.179 0.707 5390 -5141 -249 5088 53 196
Shannan Upper_YR_LN Sherpa.LC Dai 0.401825 -0.230 1.134 0.096 25431 -18501 -6929 14227 4274 2655
Shannan Upper_YR_LN Sherpa.LC Pathan 0.104033 -0.013 1.001 0.011 6755 -6738 -18 6763 -26 43
Shannan Upper_YR_LN Sherpa.LC Pulliyar 0.238249 -0.022 1.001 0.021 6478 -6420 -58 6448 -28 86
Shannan YR_MN Sherpa.LC Dai 0.350293 -0.246 1.085 0.161 63071 -30302 -32769 15304 14997 17772
Shannan YR_MN Sherpa.LC Pathan 0.157504 0.030 0.958 0.012 2086 -2048 -38 2052 -3 41
Shannan YR_MN Sherpa.LC Pulliyar 0.311317 0.022 0.956 0.021 2092 -2000 -92 1991 9 83
Sherpa Upper_YR_LN Sherpa.LC Dai 0.545699 -0.241 1.197 0.044 25546 -18558 -6988 14280 4278 2710
Sherpa Upper_YR_LN Sherpa.LC Pathan 0.346273 -0.143 1.140 0.002 6660 -6646 -14 6689 -43 57
Sherpa Upper_YR_LN Sherpa.LC Pulliyar 0.394726 -0.150 1.143 0.007 6881 -6821 -61 6872 -51 112
Sherpa YR_MN Sherpa.LC Dai 0.475726 -0.229 1.133 0.097 51462 -24268 -27194 12191 12077 15117
Sherpa YR_MN Sherpa.LC Pathan 0.251581 -0.071 1.067 0.004 2253 -2214 -38 2229 -14 52
Sherpa YR_MN Sherpa.LC Pulliyar 0.299351 -0.073 1.065 0.009 2282 -2187 -96 2196 -9 105
Sonar Upper_YR_LN Sherpa.LC Dai 0.000070 -19.902 14.581 6.320 138361694 -100142609 -38219085 73249815 26892794 11326291
Sonar Upper_YR_LN Sherpa.LC Pathan 0.000000 1.173 -0.755 0.581 492751 -491700 -1051 490990 710 342
Sonar Upper_YR_LN Sherpa.LC Pulliyar 0.001048 0.138 0.043 0.820 13413 -13200 -212 13315 -115 327
Sonar YR_MN Sherpa.LC Dai 0.016298 -17.870 8.749 10.120 103929279 -49660398 -54268880 24408417 25251981 29016899
Sonar YR_MN Sherpa.LC Pathan 0.000000 0.419 0.010 0.570 9008 -8862 -146 8861 1 145
Sonar YR_MN Sherpa.LC Pulliyar 0.000770 0.034 0.147 0.819 4627 -4378 -249 4464 -86 335
Sunwar Upper_YR_LN Sherpa.LC Dai 0.000115 -0.733 1.312 0.421 1666907 -1195171 -471735 862083 333088 138647
Sunwar Upper_YR_LN Sherpa.LC Pathan 0.013627 0.552 0.376 0.071 13189 -13132 -57 13151 -19 76
Sunwar Upper_YR_LN Sherpa.LC Pulliyar 0.089486 0.487 0.408 0.105 11520 -11411 -109 11451 -40 148
Sunwar YR_MN Sherpa.LC Dai 0.005956 -0.720 1.103 0.617 8006735 -3803011 -4203724 1820912 1982099 2221626
Sunwar YR_MN Sherpa.LC Pathan 0.169298 0.342 0.589 0.069 3816 -3749 -66 3759 -10 76
Sunwar YR_MN Sherpa.LC Pulliyar 0.225868 0.301 0.601 0.098 4098 -3940 -158 3935 5 153
Tamang Upper_YR_LN Sherpa.LC Dai 0.000166 -5.145 4.424 1.721 6141045 -4420917 -1720128 3229601 1191315 528813
Tamang Upper_YR_LN Sherpa.LC Pathan 0.000000 0.619 0.208 0.173 86151 -86380 228 86640 -261 32
Tamang Upper_YR_LN Sherpa.LC Pulliyar 0.206645 0.132 0.617 0.251 3939 -3900 -39 3921 -21 60
Tamang YR_MN Sherpa.LC Dai 0.021714 -5.024 3.117 2.907 7197629 -3423600 -3774029 1681390 1742211 2031818
Tamang YR_MN Sherpa.LC Pathan 0.000000 0.163 0.668 0.169 2543 -2474 -69 2439 35 33
Tamang YR_MN Sherpa.LC Pulliyar 0.402361 0.093 0.658 0.249 1457 -1390 -67 1388 2 64
Thakali Upper_YR_LN Sherpa.LC Dai 0.003733 -2.229 2.561 0.668 664916 -476624 -188292 351027 125597 62695
Thakali Upper_YR_LN Sherpa.LC Pathan 0.241464 -0.249 1.153 0.096 8930 -8894 -36 8938 -45 81
Thakali Upper_YR_LN Sherpa.LC Pulliyar 0.972132 -0.266 1.128 0.138 7595 -7504 -91 7569 -65 157
Thakali YR_MN Sherpa.LC Dai 0.103367 -2.436 2.114 1.323 1008557 -475179 -533378 235729 239451 293927
Thakali YR_MN Sherpa.LC Pathan 0.052438 -0.125 1.027 0.098 2678 -2635 -42 2662 -26 68
Thakali YR_MN Sherpa.LC Pulliyar 0.888386 -0.171 1.028 0.143 2529 -2432 -97 2475 -43 140
Tingri Upper_YR_LN Sherpa.LC Dai 0.897778 -0.128 1.100 0.028 16845 -12475 -4371 9928 2547 1824
Tingri Upper_YR_LN Sherpa.LC Pathan 0.677301 -0.058 1.055 0.003 5962 -5949 -13 5985 -36 49
Tingri Upper_YR_LN Sherpa.LC Pulliyar 0.765839 -0.064 1.058 0.006 6049 -5992 -57 6031 -39 97
Tingri YR_MN Sherpa.LC Dai 0.832176 -0.103 1.054 0.049 29591 -14263 -15328 7498 6765 8563
Tingri YR_MN Sherpa.LC Pathan 0.692246 -0.020 1.016 0.004 2062 -2023 -39 2030 -7 46
Tingri YR_MN Sherpa.LC Pulliyar 0.778668 -0.023 1.016 0.007 2125 -2025 -101 2018 7 94
Toto Upper_YR_LN Sherpa.LC Dai 0.000213 -3.069 2.682 1.387 2401737 -1732676 -669061 1267627 465049 204012
Toto Upper_YR_LN Sherpa.LC Pathan 0.000000 1.555 -0.677 0.121 80279 -80288 9 80553 -264 255
Toto Upper_YR_LN Sherpa.LC Pulliyar 0.000025 1.152 -0.344 0.191 31299 -31047 -252 31096 -50 302
Toto YR_MN Sherpa.LC Dai 0.013750 -3.273 2.051 2.222 5024601 -2399069 -2625531 1171946 1227123 1398408
Toto YR_MN Sherpa.LC Pathan 0.000001 0.826 0.067 0.107 6686 -6646 -40 6720 -74 114
Toto YR_MN Sherpa.LC Pulliyar 0.019893 0.675 0.151 0.173 4581 -4412 -169 4440 -28 196
Tshangla Upper_YR_LN Sherpa.LC Dai 0.025171 -0.266 1.029 0.237 44716 -32126 -12590 23849 8277 4312
Tshangla Upper_YR_LN Sherpa.LC Pathan 0.001247 0.375 0.594 0.031 6384 -6329 -55 6304 25 30
Tshangla Upper_YR_LN Sherpa.LC Pulliyar 0.019699 0.346 0.606 0.048 5546 -5453 -93 5419 34 59
Tshangla YR_MN Sherpa.LC Dai 0.032768 -0.228 0.949 0.278 210722 -100296 -110426 48658 51638 58788
Tshangla YR_MN Sherpa.LC Pathan 0.217961 0.259 0.712 0.029 1715 -1677 -37 1674 3 34
Tshangla YR_MN Sherpa.LC Pulliyar 0.516375 0.243 0.713 0.044 1704 -1632 -72 1626 6 66
Wambule Upper_YR_LN Sherpa.LC Dai 0.005124 0.210 0.686 0.104 110157 -79813 -30344 58302 21511 8833
Wambule Upper_YR_LN Sherpa.LC Pathan 0.000920 0.515 0.474 0.011 8448 -8378 -70 8360 18 52
Wambule Upper_YR_LN Sherpa.LC Pulliyar 0.005227 0.487 0.488 0.025 8298 -8120 -178 8045 75 104
Wambule YR_MN Sherpa.LC Dai 0.064595 0.389 0.648 -0.037 94856 -44494 -50362 21502 22992 27370
Wambule YR_MN Sherpa.LC Pathan 0.059968 0.320 0.672 0.008 1939 -1893 -45 1897 -4 49
Wambule YR_MN Sherpa.LC Pulliyar 0.125378 0.309 0.673 0.018 1990 -1880 -110 1873 7 103
