Gurung Naga Sherpa.LC Han 0.008625 5.669 -2.715 -1.954 249597210 -154460989 -95136221 95669871 58791118 36345103
Gurung Naga Sherpa.LC Mala 0.214191 0.412 0.482 0.106 3162 -3130 -32 3167 -37 69
Gurung Naga Sherpa.LC Pathan 0.000580 0.473 0.452 0.075 3660 -3670 10 3719 -49 39
Gurung Naga Sherpa.LC Pulliyar 0.288358 0.395 0.492 0.112 3318 -3278 -41 3315 -38 78
Gurung Naga Sherpa.LC Southeast_China 0.000313 -3.284 3.114 1.170 3839042 -2681264 -1157778 1879294 801970 355808
Gurung Naga UpperMustang.LC Han 0.000338 -3.844 3.312 1.533 21596501 -13859778 -7736723 8917647 4942131 2794592
Gurung Naga UpperMustang.LC Mala 0.161187 0.393 0.506 0.100 3171 -3195 24 3287 -92 68
Gurung Naga UpperMustang.LC Pathan 0.000351 0.451 0.478 0.071 3860 -3925 65 4030 -105 39
Gurung Naga UpperMustang.LC Pulliyar 0.197199 0.382 0.511 0.106 3257 -3270 13 3360 -90 78
Gurung Naga UpperMustang.LC Southeast_China 0.000001 -2.637 2.765 0.872 1643666 -1186794 -456872 860837 325957 130916
Gurung Naxi Sherpa.LC Han 0.082637 6.243 -1.940 -3.302 15533414 -6857251 -8676162 3044086 3813165 4862997
Gurung Naxi Sherpa.LC Mala 0.336677 0.288 0.612 0.100 1506 -1439 -67 1444 -5 72
Gurung Naxi Sherpa.LC Pathan 0.000853 0.316 0.614 0.070 1562 -1527 -35 1531 -4 40
Gurung Naxi Sherpa.LC Pulliyar 0.570348 0.279 0.616 0.106 1551 -1476 -75 1483 -7 81
Gurung Naxi Sherpa.LC Southeast_China 0.000030 -3.972 3.011 1.962 33345937 -18258251 -15087686 10011310 8246941 6840745
Gurung Naxi UpperMustang.LC Han 0.012472 5.521 -1.661 -2.860 38439922 -17476924 -20962998 7970943 9505981 11457017
Gurung Naxi UpperMustang.LC Mala 0.150237 0.265 0.642 0.093 1476 -1443 -33 1479 -36 68
Gurung Naxi UpperMustang.LC Pathan 0.000534 0.293 0.642 0.065 1516 -1510 -6 1541 -31 37
Gurung Naxi UpperMustang.LC Pulliyar 0.226124 0.261 0.641 0.099 1510 -1469 -42 1505 -37 78
Gurung Naxi UpperMustang.LC Southeast_China 0.000000 -3.639 2.910 1.729 10446737 -5868873 -4577865 3303739 2565134 2012731
Gurung Upper_YR_LN Sherpa.LC Han 0.000000 -2.390 2.214 1.177 3416551 -1987721 -1428830 1164821 822900 605930
Gurung Upper_YR_LN Sherpa.LC Mala 0.006279 0.322 0.568 0.110 2815 -2808 -7 2872 -64 71
Gurung Upper_YR_LN Sherpa.LC Pathan 0.000001 0.370 0.553 0.077 3382 -3404 22 3467 -63 41
Gurung Upper_YR_LN Sherpa.LC Pulliyar 0.027113 0.315 0.569 0.116 2877 -2862 -15 2929 -67 81
Gurung Upper_YR_LN Sherpa.LC Southeast_China 0.000000 -1.187 1.644 0.543 474457 -321532 -152925 219559 101973 50952
Gurung Upper_YR_LN UpperMustang.LC Han 0.000000 -1.984 2.043 0.941 1942379 -1150440 -791939 686573 463866 328073
Gurung Upper_YR_LN UpperMustang.LC Mala 0.054449 0.312 0.586 0.102 2289 -2321 32 2424 -103 71
Gurung Upper_YR_LN UpperMustang.LC Pathan 0.000011 0.350 0.579 0.071 2847 -2904 57 3003 -98 41
Gurung Upper_YR_LN UpperMustang.LC Pulliyar 0.144945 0.310 0.582 0.108 2299 -2323 24 2429 -105 82
Gurung Upper_YR_LN UpperMustang.LC Southeast_China 0.000000 -0.939 1.526 0.413 325218 -224484 -100734 155982 68503 32231
Gurung YR_MN Sherpa.LC Han 0.091433 3.273 -0.591 -1.682 37112592 -15903556 -21209036 6854327 9049229 12159807
Gurung YR_MN Sherpa.LC Mala 0.086692 0.273 0.628 0.099 1612 -1533 -79 1533 1 78
Gurung YR_MN Sherpa.LC Pathan 0.000107 0.307 0.625 0.068 1763 -1720 -43 1721 -1 44
Gurung YR_MN Sherpa.LC Pulliyar 0.207433 0.263 0.632 0.105 1625 -1538 -87 1539 -1 88
Gurung YR_MN Sherpa.LC Southeast_China 0.000553 17.345 -8.535 -7.809 332543117 -179622965 -152920151 97092449 82530517 70389634
Gurung YR_MN UpperMustang.LC Han 0.022543 -0.162 0.932 0.230 74011826 -32640979 -41370847 14443786 18197193 23173654
Gurung YR_MN UpperMustang.LC Mala 0.056437 0.255 0.653 0.092 1578 -1532 -46 1560 -28 73
Gurung YR_MN UpperMustang.LC Pathan 0.000099 0.285 0.652 0.063 1718 -1703 -14 1729 -26 40
Gurung YR_MN UpperMustang.LC Pulliyar 0.120153 0.250 0.652 0.098 1600 -1542 -59 1566 -25 84
Gurung YR_MN UpperMustang.LC Southeast_China 0.000004 6.705 -2.821 -2.884 119539142 -65934124 -53605018 36401423 29532701 24072317
Gurung Yi Sherpa.LC Han 0.251573 6.000 -1.644 -3.356 47240960 -19233252 -28007709 7857736 11375516 16632193
Gurung Yi Sherpa.LC Mala 0.508774 0.275 0.624 0.101 1355 -1302 -53 1320 -18 72
Gurung Yi Sherpa.LC Pathan 0.001147 0.300 0.629 0.071 1418 -1391 -27 1405 -13 40
Gurung Yi Sherpa.LC Pulliyar 0.795063 0.268 0.624 0.107 1403 -1345 -58 1368 -23 81
Gurung Yi Sherpa.LC Southeast_China 0.005002 -4.738 3.266 2.472 13624318 -7046292 -6578026 3653953 3392339 3185687
Gurung Yi UpperMustang.LC Han 0.071533 2.425 -0.191 -1.234 145786650 -61550814 -84235836 26031796 35519018 48716818
Gurung Yi UpperMustang.LC Mala 0.184994 0.250 0.656 0.094 1324 -1303 -22 1350 -47 69
Gurung Yi UpperMustang.LC Pathan 0.000538 0.276 0.659 0.065 1376 -1376 0 1415 -38 38
Gurung Yi UpperMustang.LC Pulliyar 0.282998 0.248 0.652 0.100 1370 -1342 -27 1394 -52 79
Gurung Yi UpperMustang.LC Southeast_China 0.000001 -4.078 3.019 2.058 8609125 -4575252 -4033873 2437687 2137565 1896308
Tamang Naga Sherpa.LC Han 0.008669 1.911 -0.377 -0.534 618500512 -383245520 -235254992 237746324 145499197 89755795
Tamang Naga Sherpa.LC Mala 0.211394 0.218 0.586 0.197 2454 -2434 -20 2479 -45 65
Tamang Naga Sherpa.LC Pathan 0.000000 0.307 0.551 0.142 3916 -3944 28 4009 -66 38
Tamang Naga Sherpa.LC Pulliyar 0.263510 0.188 0.606 0.206 2637 -2610 -27 2656 -46 73
Tamang Naga Sherpa.LC Southeast_China 0.000245 -7.493 6.058 2.435 13124578 -9177584 -3946994 6445239 2732345 1214649
Tamang Naga UpperMustang.LC Han 0.000455 -9.012 6.668 3.344 44557627 -28623565 -15934062 18461628 10161936 5772126
Tamang Naga UpperMustang.LC Mala 0.743695 0.175 0.634 0.191 2366 -2363 -3 2419 -56 59
Tamang Naga UpperMustang.LC Pathan 0.000000 0.247 0.616 0.137 5334 -5400 66 5501 -102 36
Tamang Naga UpperMustang.LC Pulliyar 0.711885 0.156 0.643 0.201 2402 -2389 -14 2441 -52 66
Tamang Naga UpperMustang.LC Southeast_China 0.000001 -6.023 5.224 1.799 4289043 -3100657 -1188385 2257197 843460 344926
Tamang Naxi Sherpa.LC Han 0.054846 12.373 -4.603 -6.769 88370369 -39005591 -49364779 17296865 21708725 27656053
Tamang Naxi Sherpa.LC Mala 0.309862 0.158 0.648 0.194 1238 -1192 -46 1217 -25 71
Tamang Naxi Sherpa.LC Pathan 0.000000 0.208 0.653 0.139 1484 -1468 -16 1494 -26 42
Tamang Naxi Sherpa.LC Pulliyar 0.445054 0.141 0.656 0.203 1314 -1260 -54 1285 -25 79
Tamang Naxi Sherpa.LC Southeast_China 0.000026 -10.785 6.762 5.023 120380165 -65945092 -54435073 36189614 29755478 24679595
Tamang Naxi UpperMustang.LC Han 0.006789 4.955 -1.346 -2.609 526902295 -239403506 -287498790 108963340 130440165 157058624
Tamang Naxi UpperMustang.LC Mala 0.798283 0.124 0.688 0.188 1193 -1156 -38 1181 -26 63
Tamang Naxi UpperMustang.LC Pathan 0.000000 0.169 0.698 0.133 1523 -1505 -19 1523 -19 37
Tamang Naxi UpperMustang.LC Pulliyar 0.821895 0.113 0.689 0.198 1220 -1176 -44 1202 -26 71
Tamang Naxi UpperMustang.LC Southeast_China 0.000000 -8.952 5.918 4.034 19365027 -10886949 -8478078 6144759 4742190 3735888
Tamang Upper_YR_LN Sherpa.LC Han 0.000000 -6.482 4.653 2.829 12267502 -7135404 -5132098 4194464 2940939 2191158
Tamang Upper_YR_LN Sherpa.LC Mala 0.012540 0.145 0.657 0.198 2370 -2358 -12 2418 -60 71
Tamang Upper_YR_LN Sherpa.LC Pathan 0.000000 0.229 0.629 0.142 4611 -4658 47 4748 -90 43
Tamang Upper_YR_LN Sherpa.LC Pulliyar 0.048942 0.127 0.666 0.207 2452 -2436 -16 2499 -63 79
Tamang Upper_YR_LN Sherpa.LC Southeast_China 0.000000 -4.241 3.739 1.502 1696555 -1146492 -550063 786159 360333 189729
Tamang Upper_YR_LN UpperMustang.LC Han 0.000000 -5.380 4.124 2.256 4434232 -2627163 -1807070 1581599 1045563 761507
Tamang Upper_YR_LN UpperMustang.LC Mala 0.366691 0.132 0.677 0.191 1808 -1812 4 1879 -67 63
Tamang Upper_YR_LN UpperMustang.LC Pathan 0.000000 0.188 0.677 0.135 4774 -4817 43 4899 -82 39
Tamang Upper_YR_LN UpperMustang.LC Pulliyar 0.603143 0.126 0.672 0.202 1760 -1763 3 1837 -73 70
Tamang Upper_YR_LN UpperMustang.LC Southeast_China 0.000000 -3.486 3.314 1.172 716003 -494790 -221213 348872 145918 75296
Tamang YR_MN Sherpa.LC Han 0.110461 8.111 -2.634 -4.478 69461528 -29751561 -39709967 12850500 16901061 22808906
Tamang YR_MN Sherpa.LC Mala 0.160991 0.149 0.658 0.194 1303 -1252 -51 1273 -22 73
Tamang YR_MN Sherpa.LC Pathan 0.000000 0.214 0.648 0.137 1827 -1799 -28 1814 -15 43
Tamang YR_MN Sherpa.LC Pulliyar 0.329694 0.133 0.664 0.203 1302 -1248 -55 1274 -26 81
Tamang YR_MN Sherpa.LC Southeast_China 0.000453 166.508 -89.129 -76.379 -607936254 -17330459 625266713 -1964478943 1981809401 1687891181
Tamang YR_MN UpperMustang.LC Han 0.022018 3.276 -0.535 -1.741 235126634 -103700729 -131425905 45925606 57775123 73650782
Tamang YR_MN UpperMustang.LC Mala 0.618895 0.115 0.697 0.187 1207 -1164 -43 1186 -21 64
Tamang YR_MN UpperMustang.LC Pathan 0.000000 0.170 0.698 0.132 1998 -1964 -34 1968 -4 38
Tamang YR_MN UpperMustang.LC Pulliyar 0.817170 0.108 0.694 0.198 1182 -1135 -47 1160 -25 72
Tamang YR_MN UpperMustang.LC Southeast_China 0.000004 4.625 -1.654 -1.971 441424447 -243586963 -197837483 134589955 108997009 88840474
Tamang Yi Sherpa.LC Han 0.163506 3.597 -0.628 -1.969 664851706 -270786946 -394064761 110492175 160294771 233769990
Tamang Yi Sherpa.LC Mala 0.370834 0.151 0.654 0.195 1093 -1058 -35 1092 -34 69
Tamang Yi Sherpa.LC Pathan 0.000000 0.193 0.667 0.139 1351 -1337 -14 1364 -27 41
Tamang Yi Sherpa.LC Pulliyar 0.549004 0.136 0.659 0.204 1146 -1107 -38 1146 -38 77
Tamang Yi Sherpa.LC Southeast_China 0.008344 -9.920 5.963 4.957 27623133 -14288433 -13334699 7420758 6867675 6467025
Tamang Yi UpperMustang.LC Han 0.044135 -319.397 135.736 184.661 956221504 1598407421 1740338371 472600234 -2071007655 330669284
Tamang Yi UpperMustang.LC Mala 0.788777 0.115 0.697 0.188 1055 -1025 -30 1057 -32 63
Tamang Yi UpperMustang.LC Pathan 0.000000 0.151 0.716 0.133 1396 -1375 -21 1391 -16 37
Tamang Yi UpperMustang.LC Pulliyar 0.845784 0.107 0.695 0.199 1067 -1036 -32 1074 -38 70
Tamang Yi UpperMustang.LC Southeast_China 0.000005 -8.262 5.272 3.990 9942287 -5285219 -4657068 2825987 2459232 2197837
