Gurung Naga Chokhopani Han 0.068539 -1.333 1.961 0.371 1300894 -838420 -462474 554536 283884 178590
Gurung Naga Chokhopani Mala 0.586172 0.695 0.171 0.134 33562 -36857 3296 40583 -3726 430
Gurung Naga Chokhopani Pathan 0.153867 0.336 0.595 0.069 38830 -41045 2215 43455 -2410 195
Gurung Naga Chokhopani Pulliyar 0.464683 0.837 0.004 0.159 68303 -75982 7679 84675 -8693 1014
Gurung Naga Chokhopani Southeast_China 0.038289 -0.938 1.753 0.185 290298 -215040 -75259 165462 49578 25681
Gurung Naga Kyang Han 0.052125 -1.575 1.969 0.606 1033315 -622843 -410472 382681 240163 170309
Gurung Naga Kyang Mala 0.625334 0.845 0.006 0.150 32367 -36300 3933 40839 -4539 607
Gurung Naga Kyang Pathan 0.000445 0.301 0.645 0.054 135796 -147079 11282 159352 -12273 991
Gurung Naga Kyang Pulliyar 0.621679 0.870 -0.033 0.163 39192 -44431 5239 50528 -6097 858
Gurung Naga Kyang Southeast_China 0.029346 -0.996 1.676 0.320 180790 -125719 -55071 90176 35542 19529
Gurung Naga Lubrak Han 0.105077 8.434 -4.738 -2.696 141957766 -98733301 -43224465 68871650 29861651 13362814
Gurung Naga Lubrak Mala 0.746663 0.905 -0.060 0.155 45996 -49549 3554 53522 -3973 420
Gurung Naga Lubrak Pathan 0.063654 -0.642 1.629 0.013 6932916 -7346138 413221 7784925 -438787 25566
Gurung Naga Lubrak Pulliyar 0.725434 0.862 -0.025 0.162 38969 -41972 3003 45362 -3390 387
Gurung Naga Lubrak Southeast_China 0.118336 -1.960 2.555 0.405 7844891 -5979669 -1865223 4596620 1383048 482174
Gurung Naga Mebrak Han 0.001308 -1.653 2.082 0.571 2519020 -1547634 -971387 962630 585003 386383
Gurung Naga Mebrak Mala 0.699437 0.872 -0.025 0.153 30002 -33429 3427 37379 -3950 523
Gurung Naga Mebrak Pathan 0.000476 -4.763 6.152 -0.389 2841660 -3085552 243892 3350478 -264926 21035
Gurung Naga Mebrak Pulliyar 0.639858 0.831 0.011 0.158 27632 -30862 3230 34615 -3753 523
Gurung Naga Mebrak Southeast_China 0.001677 -1.219 1.865 0.354 347241 -242412 -104829 173470 68942 35887
Gurung Naga Rhirhi Han 0.001024 -1.098 1.584 0.514 3246321 -1809542 -1436779 1017234 792308 644471
Gurung Naga Rhirhi Mala 0.703159 0.889 -0.045 0.156 19045 -21799 2754 25090 -3290 536
Gurung Naga Rhirhi Pathan 0.000328 0.456 0.487 0.056 179277 -198167 18891 219111 -20944 2054
Gurung Naga Rhirhi Pulliyar 0.662996 0.879 -0.044 0.165 19985 -23009 3023 26649 -3641 617
Gurung Naga Rhirhi Southeast_China 0.000634 -0.701 1.405 0.296 303707 -198861 -104847 132946 65914 38933
Gurung Naga Samdzong Han 0.019777 -0.793 1.522 0.271 252826 -153206 -99620 96079 57128 42492
Gurung Naga Samdzong Mala 0.528600 0.795 0.062 0.144 53732 -60861 7129 69064 -8203 1074
Gurung Naga Samdzong Pathan 0.001248 161804.304 -177128.205 15324.901 1427695354 -905780164 -521915213 1205398796 -299618643 821533856
Gurung Naga Samdzong Pulliyar 0.498754 0.766 0.084 0.149 59606 -68030 8424 77790 -9761 1337
Gurung Naga Samdzong Southeast_China 0.023657 -0.587 1.421 0.166 69703 -49214 -20489 36541 12673 7816
Gurung Naga Sherpa.LC Han 0.258664 -2.184 2.505 0.678 1555128 -1020594 -534533 682497 338097 196436
Gurung Naga Sherpa.LC Mala 0.649978 0.778 0.078 0.143 47742 -52254 4513 57310 -5055 543
Gurung Naga Sherpa.LC Pathan 0.000589 -3.790 5.006 -0.217 7060475 -7544417 483942 8061627 -517211 33269
Gurung Naga Sherpa.LC Pulliyar 0.633105 0.733 0.118 0.149 50992 -56063 5071 61769 -5706 635
Gurung Naga Sherpa.LC Southeast_China 0.452106 -1.550 2.154 0.396 292225 -216808 -75417 165459 51349 24068
Gurung Naga UpperMustang.LC Han 0.067724 -1.302 1.976 0.326 417649 -276600 -141050 188379 88220 52829
Gurung Naga UpperMustang.LC Mala 0.686389 0.973 -0.137 0.164 130812 -144827 14015 160493 -15666 1651
Gurung Naga UpperMustang.LC Pathan 0.007219 351.450 -376.676 26.226 -1022860177 457769520 565090657 149527165 -607296685 42206028
Gurung Naga UpperMustang.LC Pulliyar 0.661072 0.948 -0.120 0.172 165801 -184772 18972 206083 -21311 2340
Gurung Naga UpperMustang.LC Southeast_China 0.052390 -0.980 1.799 0.180 122183 -92138 -30045 72009 20129 9916
Gurung Naxi Chokhopani Han 0.312402 9.714 -3.722 -4.992 168466899 -83880479 -84586420 41858395 42022084 42564337
Gurung Naxi Chokhopani Mala 0.213123 0.367 0.524 0.109 17252 -19224 1972 21547 -2323 350
Gurung Naxi Chokhopani Pathan 0.198373 0.248 0.684 0.068 13771 -14730 959 15831 -1102 143
Gurung Naxi Chokhopani Pulliyar 0.064898 0.381 0.504 0.116 25446 -28670 3224 32446 -3777 553
Gurung Naxi Chokhopani Southeast_China 0.047551 -1.242 1.815 0.427 501057 -302354 -198704 188872 113481 85222
Gurung Naxi Kyang Han 0.178348 26.835 -11.466 -14.369 481605248 -224077493 -257527755 104366621 119710872 137816883
Gurung Naxi Kyang Mala 0.123946 0.444 0.448 0.108 9302 -10585 1283 12143 -1557 274
Gurung Naxi Kyang Pathan 0.000916 0.313 0.628 0.058 12380 -13540 1160 14862 -1322 162
Gurung Naxi Kyang Pulliyar 0.163017 0.447 0.439 0.114 9329 -10723 1393 12437 -1714 321
Gurung Naxi Kyang Southeast_China 0.024572 -1.357 1.745 0.613 391068 -220195 -170873 127188 93007 77865
Gurung Naxi Lubrak Han 0.164879 -7.104 4.966 3.138 152939843 -81372361 -71567482 43427429 37944932 33622550
Gurung Naxi Lubrak Mala 0.061911 0.468 0.400 0.132 21359 -23302 1944 25551 -2248 305
Gurung Naxi Lubrak Pathan 0.000258 0.212 0.718 0.070 141928 -152754 10826 164546 -11792 967
Gurung Naxi Lubrak Pulliyar 0.115930 0.476 0.380 0.143 17408 -18973 1565 20816 -1843 278
Gurung Naxi Lubrak Southeast_China 0.140457 -1.708 2.122 0.586 25842460 -15991362 -9851098 9951292 6040071 3811027
Gurung Naxi Mebrak Han 0.014016 -4767.036 2265.284 2502.752 -1036021719 1857559527 -821537809 118294834 -1975854362 -1497575125
Gurung Naxi Mebrak Mala 0.047251 0.474 0.409 0.116 10025 -11273 1248 12771 -1498 250
Gurung Naxi Mebrak Pathan 0.000018 0.324 0.614 0.063 26491 -28896 2405 31573 -2678 273
Gurung Naxi Mebrak Pulliyar 0.100929 0.476 0.399 0.125 8626 -9737 1110 11099 -1362 252
Gurung Naxi Mebrak Southeast_China 0.002989 -1.766 2.014 0.752 922128 -520617 -401511 299842 220775 180736
Gurung Naxi Rhirhi Han 0.013641 -249240.075 108766.720 140474.355 1518918832 -1766163984 247245144 385281600 1380882396 -1628127530
Gurung Naxi Rhirhi Mala 0.014405 0.510 0.382 0.108 11199 -13011 1813 15239 -2228 416
Gurung Naxi Rhirhi Pathan 0.000062 0.297 0.657 0.046 15564 -17324 1760 19355 -2030 270
Gurung Naxi Rhirhi Pulliyar 0.025060 0.516 0.366 0.118 11106 -13010 1904 15384 -2374 469
Gurung Naxi Rhirhi Southeast_China 0.001042 -1.076 1.517 0.560 749677 -398627 -351050 215345 183282 167769
Gurung Naxi Samdzong Han 0.035017 -0.400 1.246 0.154 13075312 -6157596 -6917716 2911582 3246014 3671703
Gurung Naxi Samdzong Mala 0.099371 0.382 0.523 0.095 14814 -16997 2184 19607 -2610 426
Gurung Naxi Samdzong Pathan 0.000698 0.188 0.771 0.041 29817 -32883 3066 36328 -3445 378
Gurung Naxi Samdzong Pulliyar 0.180271 0.375 0.525 0.100 14593 -16898 2305 19688 -2790 484
Gurung Naxi Samdzong Southeast_China 0.024933 -0.802 1.471 0.331 145686 -83929 -61756 50390 33539 28217
Gurung Naxi Sherpa.LC Han 0.368988 46.179 -22.067 -23.112 947648784 -475461979 -472186805 238744195 236717783 235469022
Gurung Naxi Sherpa.LC Mala 0.345478 0.390 0.497 0.113 9912 -10965 1053 12232 -1267 214
Gurung Naxi Sherpa.LC Pathan 0.000367 0.244 0.694 0.062 18275 -19664 1389 21217 -1553 164
Gurung Naxi Sherpa.LC Pulliyar 0.628241 0.383 0.497 0.120 9260 -10290 1030 11551 -1261 231
Gurung Naxi Sherpa.LC Southeast_China 0.596010 -2.103 2.280 0.823 591661 -356173 -235487 219605 136569 98918
Gurung Naxi UpperMustang.LC Han 0.061118 2.651 -0.208 -1.443 75550798 -38278950 -37271848 19437034 18841917 18429931
Gurung Naxi UpperMustang.LC Mala 0.091110 0.316 0.585 0.099 16912 -18914 2002 21250 -2336 334
Gurung Naxi UpperMustang.LC Pathan 0.000332 0.126 0.825 0.049 31950 -34568 2618 37456 -2889 271
Gurung Naxi UpperMustang.LC Pulliyar 0.153648 0.313 0.582 0.105 17047 -19198 2151 21735 -2537 385
Gurung Naxi UpperMustang.LC Southeast_China 0.010026 -1.210 1.810 0.400 268533 -164434 -104099 103464 60970 43130
Gurung Upper_YR_LN Chokhopani Han 0.015101 -0.507 1.434 0.073 68489 -44120 -24369 33692 10428 13940
Gurung Upper_YR_LN Chokhopani Mala 0.086102 0.340 0.548 0.112 113431 -127769 14338 144049 -16281 1943
Gurung Upper_YR_LN Chokhopani Pathan 0.143115 0.114 0.826 0.059 27694 -29807 2113 32177 -2370 257
Gurung Upper_YR_LN Chokhopani Pulliyar 0.039188 -0.472 1.487 -0.014 1460417 -1676581 216164 1924978 -248397 32233
Gurung Upper_YR_LN Chokhopani Southeast_China 0.013517 -0.451 1.413 0.037 39770 -30865 -8905 27426 3439 5466
Gurung Upper_YR_LN Kyang Han 0.003986 -0.609 1.380 0.229 67485 -40640 -26846 27046 13593 13252
Gurung Upper_YR_LN Kyang Mala 0.009558 0.653 0.202 0.145 312581 -360648 48067 416276 -55628 7561
Gurung Upper_YR_LN Kyang Pathan 0.000084 0.183 0.769 0.048 303255 -334119 30863 368216 -34097 3234
Gurung Upper_YR_LN Kyang Pulliyar 0.073077 0.803 0.018 0.179 299139 -348941 49802 407285 -58344 8541
Gurung Upper_YR_LN Kyang Southeast_China 0.003374 -0.465 1.318 0.146 30169 -21555 -8614 16996 4559 4055
Gurung Upper_YR_LN Lubrak Han 0.309064 -1.230 2.018 0.212 320164 -227165 -92999 178157 49007 43992
Gurung Upper_YR_LN Lubrak Mala 0.564575 -17.079 19.846 -1.767 96977854 -107480998 10503143 119129593 -11648596 1145452
Gurung Upper_YR_LN Lubrak Pathan 0.423068 12.142 -12.131 0.989 102016907 -109840851 7823943 118271772 -8430921 606978
Gurung Upper_YR_LN Lubrak Pulliyar 0.608669 -1.103 2.133 -0.030 8296681 -9221404 924723 10251441 -1030037 105313
Gurung Upper_YR_LN Lubrak Southeast_China 0.294078 -1.106 1.962 0.143 194147 -156888 -37259 136808 20080 17179
Gurung Upper_YR_LN Mebrak Han 0.004571 -0.816 1.559 0.257 94581 -58416 -36165 40115 18301 17864
Gurung Upper_YR_LN Mebrak Mala 0.078038 0.834 -0.009 0.175 1564793 -1796639 231846 2063439 -266800 34954
Gurung Upper_YR_LN Mebrak Pathan 0.001720 4.511 -4.003 0.492 26415859 -29094287 2678429 32045850 -2951563 273134
Gurung Upper_YR_LN Mebrak Pulliyar 0.186238 1.040 -0.257 0.217 418094 -482663 64569 557579 -74917 10348
Gurung Upper_YR_LN Mebrak Southeast_China 0.003906 -0.649 1.486 0.163 43903 -32210 -11692 26036 6175 5518
Gurung Upper_YR_LN Rhirhi Han 0.000969 -0.594 1.305 0.289 127518 -73287 -54231 45676 27611 26620
Gurung Upper_YR_LN Rhirhi Mala 0.032300 0.987 -0.190 0.203 349586 -410604 61018 482580 -71975 10957
Gurung Upper_YR_LN Rhirhi Pathan 0.000092 13.856 -14.495 1.639 65132916 -72724971 7592055 81204091 -8479120 887065
Gurung Upper_YR_LN Rhirhi Pulliyar 0.159536 1.033 -0.257 0.224 145417 -172283 26866 204412 -32129 5264
Gurung Upper_YR_LN Rhirhi Southeast_China 0.000780 -0.405 1.226 0.179 50805 -35455 -15350 26803 8652 6698
Gurung Upper_YR_LN Samdzong Han 0.008663 -0.335 1.243 0.092 27268 -16591 -10677 12179 4412 6264
Gurung Upper_YR_LN Samdzong Mala 0.004710 -16.354 20.002 -2.648 15141772 -17610624 2468852 20482168 -2871544 402693
Gurung Upper_YR_LN Samdzong Pathan 0.003205 -0.149 1.143 0.006 246515 -273528 27013 303639 -30111 3098
Gurung Upper_YR_LN Samdzong Pulliyar 0.049833 4.376 -4.173 0.797 19879830 -23330377 3450547 27380021 -4049644 599097
Gurung Upper_YR_LN Samdzong Southeast_China 0.009741 -0.292 1.224 0.068 15334 -11348 -3986 9811 1537 2448
Gurung Upper_YR_LN Sherpa.LC Han 0.289689 -0.885 1.659 0.226 61913 -41485 -20428 31997 9488 10940
Gurung Upper_YR_LN Sherpa.LC Mala 0.063224 -284.711 321.761 -36.050 -1605660834 1264421622 341239212 -879872942 -384548680 43309468
Gurung Upper_YR_LN Sherpa.LC Pathan 0.031588 -0.735 1.754 -0.019 982953 -1066824 83871 1158181 -91358 7486
Gurung Upper_YR_LN Sherpa.LC Pulliyar 0.163821 -4.494 6.027 -0.532 16496739 -18717600 2220861 21238621 -2521021 300160
Gurung Upper_YR_LN Sherpa.LC Southeast_China 0.308703 -0.751 1.598 0.153 34847 -27472 -7374 24098 3374 4000
Gurung Upper_YR_LN UpperMustang.LC Han 0.001489 -0.438 1.402 0.036 41360 -26033 -15327 18841 7192 8135
Gurung Upper_YR_LN UpperMustang.LC Mala 0.036866 0.308 0.591 0.101 117848 -133550 15702 151448 -17897 2195
Gurung Upper_YR_LN UpperMustang.LC Pathan 0.001149 -0.119 1.091 0.028 184762 -201131 16369 219035 -17905 1536
Gurung Upper_YR_LN UpperMustang.LC Pulliyar 0.125825 0.409 0.468 0.123 95652 -109244 13592 124893 -15648 2056
Gurung Upper_YR_LN UpperMustang.LC Southeast_China 0.001518 -0.423 1.395 0.028 21552 -16556 -4996 14342 2214 2782
Gurung YR_MN Chokhopani Han 0.017747 3.336 -0.531 -1.805 28155780 -14207574 -13948206 7202099 7005475 6942731
Gurung YR_MN Chokhopani Mala 0.342897 0.374 0.517 0.109 14295 -15912 1617 17848 -1936 319
Gurung YR_MN Chokhopani Pathan 0.192452 0.236 0.699 0.065 12917 -13756 840 14732 -975 136
Gurung YR_MN Chokhopani Pulliyar 0.173233 0.443 0.434 0.123 21138 -23830 2692 27015 -3185 494
Gurung YR_MN Chokhopani Southeast_China 0.005438 -0.789 1.567 0.222 386729 -242619 -144110 157212 85407 58703
Gurung YR_MN Kyang Han 0.325743 -1.658 1.816 0.842 11416317 -5359942 -6056375 2543457 2816485 3239890
Gurung YR_MN Kyang Mala 0.033170 0.430 0.466 0.104 18029 -20615 2586 23691 -3076 490
Gurung YR_MN Kyang Pathan 0.000184 0.272 0.676 0.052 20130 -21927 1797 23945 -2018 220
Gurung YR_MN Kyang Pulliyar 0.085090 0.478 0.403 0.119 20205 -23377 3172 27187 -3810 638
Gurung YR_MN Kyang Southeast_China 0.070075 -1.282 1.727 0.555 325201 -185581 -139620 109732 75848 63772
Gurung YR_MN Lubrak Han 0.689796 42.753 -22.134 -19.619 730051453 -397371173 -332680280 216759681 180611492 152068788
Gurung YR_MN Lubrak Mala 0.020865 0.468 0.400 0.132 173185 -190345 17160 209350 -19005 1845
Gurung YR_MN Lubrak Pathan 0.002476 1.528 -0.698 0.171 4390469 -4726951 336482 5089810 -362859 26377
Gurung YR_MN Lubrak Pulliyar 0.097726 0.548 0.305 0.147 95202 -104436 9234 114726 -10291 1057
Gurung YR_MN Lubrak Southeast_China 0.517728 -2.182 2.470 0.711 4275113 -2741166 -1533947 1788403 952763 581185
Gurung YR_MN Mebrak Han 0.902943 -2.256 2.162 1.094 8249944 -4036007 -4213938 2003763 2032243 2181694
Gurung YR_MN Mebrak Mala 0.002776 0.456 0.431 0.113 74328 -84165 9837 95425 -11260 1424
Gurung YR_MN Mebrak Pathan 0.000004 -0.141 1.118 0.024 971889 -1063745 91856 1164417 -100672 8816
Gurung YR_MN Mebrak Pulliyar 0.018988 0.520 0.348 0.132 71118 -81047 9929 92512 -11465 1536
Gurung YR_MN Mebrak Southeast_China 0.513600 -1.545 1.918 0.626 359857 -210917 -148940 129248 81669 67271
Gurung YR_MN Rhirhi Han 0.573033 -1.461 1.632 0.830 15896218 -7058252 -8837966 3165074 3893178 4944789
Gurung YR_MN Rhirhi Mala 0.001818 0.575 0.310 0.116 51858 -61134 9276 72223 -11089 1812
Gurung YR_MN Rhirhi Pathan 0.000002 0.372 0.579 0.049 109727 -121722 11995 135116 -13394 1399
Gurung YR_MN Rhirhi Pulliyar 0.012072 0.668 0.187 0.145 56865 -67561 10696 80452 -12891 2196
Gurung YR_MN Rhirhi Southeast_China 0.087532 -1.312 1.675 0.637 457353 -250438 -206915 141685 108752 98163
Gurung YR_MN Samdzong Han 0.133986 -1.126 1.598 0.528 2390480 -1128251 -1262230 541140 587111 675119
Gurung YR_MN Samdzong Mala 0.033792 0.345 0.567 0.089 24447 -28106 3659 32431 -4324 665
Gurung YR_MN Samdzong Pathan 0.000375 0.192 0.768 0.041 71097 -78267 7170 86229 -7962 793
Gurung YR_MN Samdzong Pulliyar 0.125188 1.049 -0.257 0.208 24156 -28067 3911 32746 -4679 768
Gurung YR_MN Samdzong Southeast_China 0.059263 -0.753 1.458 0.295 137256 -80237 -57019 49177 31060 25960
Gurung YR_MN Sherpa.LC Han 0.863118 -2.215 2.237 0.978 8558936 -4395175 -4163761 2287076 2108099 2055662
Gurung YR_MN Sherpa.LC Mala 0.056719 0.344 0.549 0.107 21844 -24237 2393 27007 -2770 377
Gurung YR_MN Sherpa.LC Pathan 0.000094 0.176 0.768 0.056 50595 -54287 3692 58314 -4027 335
Gurung YR_MN Sherpa.LC Pulliyar 0.188365 0.379 0.501 0.120 21605 -24134 2529 27091 -2957 427
Gurung YR_MN Sherpa.LC Southeast_China 0.917608 -1.590 2.007 0.583 360229 -221467 -138762 141683 79785 58977
Gurung YR_MN UpperMustang.LC Han 0.379228 -1.706 2.014 0.693 2293775 -1179222 -1114554 618389 560832 553721
Gurung YR_MN UpperMustang.LC Mala 0.023867 0.236 0.675 0.089 39306 -44054 4747 49482 -5429 682
Gurung YR_MN UpperMustang.LC Pathan 0.000311 0.086 0.869 0.045 141577 -153155 11578 165749 -12594 1016
Gurung YR_MN UpperMustang.LC Pulliyar 0.065708 1.087 -0.286 0.199 59196 -66809 7612 75527 -8718 1106
Gurung YR_MN UpperMustang.LC Southeast_China 0.148138 -1.107 1.765 0.342 172790 -107312 -65478 69884 37428 28050
Gurung Yi Chokhopani Han 0.274271 -126.343 56.566 70.777 -1780852844 -1105142129 -1408972323 486040368 619101761 789870562
Gurung Yi Chokhopani Mala 0.250814 0.294 0.603 0.103 11374 -12768 1394 14471 -1703 309
Gurung Yi Chokhopani Pathan 0.287847 0.217 0.717 0.067 9767 -10493 726 11352 -859 133
Gurung Yi Chokhopani Pulliyar 0.088204 0.311 0.579 0.110 14431 -16386 1955 18763 -2377 422
Gurung Yi Chokhopani Southeast_China 0.018707 -1.297 1.773 0.524 894472 -491308 -403164 276260 215048 188116
Gurung Yi Kyang Han 0.052292 2.499 0.044 -1.543 12269216 -4931982 -7337234 1997637 2934346 4402888
Gurung Yi Kyang Mala 0.221526 0.378 0.521 0.101 5928 -6813 885 7932 -1119 234
Gurung Yi Kyang Pathan 0.003083 0.283 0.660 0.057 7245 -7965 721 8813 -847 127
Gurung Yi Kyang Pulliyar 0.291352 0.389 0.501 0.109 6145 -7136 991 8404 -1268 277
Gurung Yi Kyang Southeast_China 0.000653 -1.079 1.536 0.543 640325 -329364 -310961 172106 157258 153703
Gurung Yi Lubrak Han 0.062609 2.755 -0.048 -1.707 1763270 -788126 -975144 362169 425957 549187
Gurung Yi Lubrak Mala 0.093956 0.385 0.486 0.129 12163 -13458 1295 15035 -1578 283
Gurung Yi Lubrak Pathan 0.000493 0.175 0.757 0.068 39027 -42293 3267 45955 -3662 395
Gurung Yi Lubrak Pulliyar 0.170792 0.401 0.457 0.141 10292 -11384 1092 12747 -1363 270
Gurung Yi Lubrak Southeast_China 0.016090 -1.659 1.993 0.666 19130561 -10577489 -8553072 5887110 4690379 3862693
Gurung Yi Mebrak Han 0.031918 2.963 -0.144 -1.819 3852031 -1566320 -2285711 646208 920112 1365599
Gurung Yi Mebrak Mala 0.061665 0.398 0.491 0.111 6361 -7203 843 8258 -1055 212
Gurung Yi Mebrak Pathan 0.000048 0.286 0.653 0.061 14154 -15531 1377 17099 -1568 191
Gurung Yi Mebrak Pulliyar 0.138850 0.412 0.467 0.121 5873 -6681 808 7713 -1032 225
Gurung Yi Mebrak Southeast_China 0.000156 -1.407 1.746 0.661 1449045 -734866 -714179 377704 357162 357017
Gurung Yi Rhirhi Han 0.022894 2.948 -0.117 -1.831 2470006 -919462 -1550544 348409 571053 979491
Gurung Yi Rhirhi Mala 0.027663 0.435 0.464 0.100 6270 -7387 1118 8836 -1449 332
Gurung Yi Rhirhi Pathan 0.000292 0.337 0.612 0.051 8547 -9587 1040 10827 -1240 200
Gurung Yi Rhirhi Pulliyar 0.045378 0.445 0.443 0.111 6586 -7831 1245 9465 -1634 389
Gurung Yi Rhirhi Southeast_China 0.000056 -0.410 1.143 0.267 909103 -442445 -466658 217743 224702 241956
Gurung Yi Samdzong Han 0.031887 -23.713 10.606 14.107 167361156 -67303072 -100058084 27092510 40210563 59847521
Gurung Yi Samdzong Mala 0.120054 0.306 0.606 0.087 9418 -10923 1505 12779 -1855 350
Gurung Yi Samdzong Pathan 0.001523 0.162 0.798 0.039 14546 -16164 1618 18026 -1862 244
Gurung Yi Samdzong Pulliyar 0.208096 0.311 0.595 0.094 9955 -11663 1709 13790 -2127 419
Gurung Yi Samdzong Southeast_China 0.007712 -0.726 1.382 0.343 151767 -78642 -73125 42594 36048 37077
Gurung Yi Sherpa.LC Han 0.191279 1.685 0.387 -1.072 33243260 -14246573 -18996687 6136545 8110028 10886660
Gurung Yi Sherpa.LC Mala 0.448477 0.327 0.564 0.108 6396 -7134 737 8063 -929 191
Gurung Yi Sherpa.LC Pathan 0.000789 0.217 0.722 0.061 10149 -10969 820 11915 -946 126
Gurung Yi Sherpa.LC Pulliyar 0.804827 0.331 0.552 0.117 6254 -7015 761 7990 -975 213
Gurung Yi Sherpa.LC Southeast_China 0.143825 -2.231 2.214 1.017 1058131 -562948 -495183 305595 257354 237830
Gurung Yi UpperMustang.LC Han 0.054126 -0.096 1.182 -0.087 36812468 -16067417 -20745050 7038043 9029374 11715676
Gurung Yi UpperMustang.LC Mala 0.119356 0.254 0.652 0.094 9649 -10893 1244 12399 -1506 262
Gurung Yi UpperMustang.LC Pathan 0.000713 0.126 0.825 0.049 13776 -14985 1209 16356 -1371 162
Gurung Yi UpperMustang.LC Pulliyar 0.198770 0.261 0.638 0.101 10212 -11624 1413 13351 -1726 314
Gurung Yi UpperMustang.LC Southeast_China 0.000858 -1.126 1.687 0.439 486347 -264286 -222061 146229 118057 104003
Tamang Naga Chokhopani Han 0.062763 -3.069 3.372 0.697 3536629 -2288264 -1248365 1526591 761673 486692
Tamang Naga Chokhopani Mala 0.734854 0.595 0.171 0.234 26817 -29312 2495 32125 -2813 318
Tamang Naga Chokhopani Pathan 0.124260 -0.056 0.936 0.121 57636 -61080 3444 64863 -3783 339
Tamang Naga Chokhopani Pulliyar 0.494222 0.886 -0.166 0.280 68560 -76014 7454 84419 -8405 951
Tamang Naga Chokhopani Southeast_China 0.033093 -2.342 2.991 0.351 808999 -602872 -206127 468707 134165 71961
Tamang Naga Kyang Han 0.222107 -3.120 3.158 0.962 1317223 -794755 -522468 498288 296467 226001
Tamang Naga Kyang Mala 0.970140 0.583 0.187 0.230 16408 -18264 1856 20415 -2151 295
Tamang Naga Kyang Pathan 0.000030 0.307 0.566 0.127 2941353 -3186706 245353 3452887 -266181 20828
Tamang Naga Kyang Pulliyar 0.508616 0.594 0.160 0.246 32351 -36514 4163 41315 -4801 638
Tamang Naga Kyang Southeast_China 0.206737 -2.282 2.745 0.538 318117 -222024 -96093 162815 59208 36885
Tamang Naga Lubrak Han 0.151696 -1.907 2.748 0.159 51817969 -35898609 -15919360 25080468 10818141 5101220
Tamang Naga Lubrak Mala 0.842235 0.651 0.105 0.245 20769 -22203 1434 23825 -1621 187
Tamang Naga Lubrak Pathan 0.031139 -3388.891 3591.274 -201.383 -1920637543 -1474983539 -899346215 659013479 815970060 83376155
Tamang Naga Lubrak Pulliyar 0.510450 0.637 0.102 0.261 43982 -47218 3236 50796 -3577 341
Tamang Naga Lubrak Southeast_China 0.203369 -3.730 4.093 0.637 8743784 -6652589 -2091196 5133214 1519375 571821
Tamang Naga Mebrak Han 0.005983 -3.244 3.330 0.914 2394171 -1473169 -921002 932255 540914 380087
Tamang Naga Mebrak Mala 0.875034 0.664 0.095 0.240 16847 -18682 1835 20805 -2122 287
Tamang Naga Mebrak Pathan 0.000059 50812.218 -55075.043 4263.825 1322152368 -171846618 -1150305746 -1520687026 1692533646 -542227900
Tamang Naga Mebrak Pulliyar 0.545738 0.598 0.152 0.249 22089 -24549 2460 27382 -2833 373
Tamang Naga Mebrak Southeast_China 0.010293 -2.484 2.937 0.546 515891 -362805 -153086 265866 96939 56147
Tamang Naga Rhirhi Han 0.012804 -2.609 2.663 0.946 1616232 -894101 -722131 511615 382486 339645
Tamang Naga Rhirhi Mala 0.945839 0.645 0.120 0.235 9585 -10853 1268 12382 -1529 261
Tamang Naga Rhirhi Pathan 0.000007 7.349 -7.202 0.853 23597356 -26059005 2461648 28778338 -2719333 257685
Tamang Naga Rhirhi Pulliyar 0.602319 0.616 0.137 0.247 13120 -14988 1868 17231 -2243 375
Tamang Naga Rhirhi Southeast_China 0.014589 -1.861 2.327 0.534 335832 -216900 -118932 147594 69307 49625
Tamang Naga Samdzong Han 0.080983 -2.019 2.537 0.482 422472 -253424 -169049 161423 92001 77048
Tamang Naga Samdzong Mala 0.831212 0.560 0.214 0.226 28974 -32567 3593 36689 -4122 530
Tamang Naga Samdzong Pathan 0.003344 2.434 -1.759 0.326 22256023 -24351481 2095458 26645687 -2294206 198748
Tamang Naga Samdzong Pulliyar 0.523273 0.438 0.337 0.225 36752 -41653 4901 47304 -5650 749
Tamang Naga Samdzong Southeast_China 0.106766 -1.663 2.365 0.297 140889 -98670 -42219 74101 24570 17649
Tamang Naga Sherpa.LC Han 0.385167 -4.223 4.108 1.115 3221116 -2116279 -1104837 1425201 691078 413758
Tamang Naga Sherpa.LC Mala 0.909252 0.611 0.152 0.237 28884 -31480 2596 34393 -2913 317
Tamang Naga Sherpa.LC Pathan 0.000436 13769.755 -14691.871 923.115 -1819916400 99317209 1720599191 822126925 -921444134 -799155057
Tamang Naga Sherpa.LC Pulliyar 0.624749 0.526 0.230 0.244 39703 -43669 3965 48126 -4457 492
Tamang Naga Sherpa.LC Southeast_China 0.666399 -3.193 3.537 0.656 723021 -535915 -187105 410311 125604 61501
Tamang Naga UpperMustang.LC Han 0.309794 -2.622 3.140 0.483 627693 -415657 -212036 288518 127139 84898
Tamang Naga UpperMustang.LC Mala 0.834866 0.491 0.286 0.224 56047 -61587 5541 67754 -6166 626
Tamang Naga UpperMustang.LC Pathan 0.016485 0.149 0.728 0.123 13193246 -14179103 985857 15239761 -1060658 74801
Tamang Naga UpperMustang.LC Pulliyar 0.570385 0.269 0.517 0.214 82724 -91594 8870 101506 -9912 1042
Tamang Naga UpperMustang.LC Southeast_China 0.326009 -2.210 2.917 0.293 226387 -170866 -55521 135722 35144 20377
Tamang Naxi Chokhopani Han 0.349164 1.675 0.594 -1.269 202397135 -100713629 -101683506 50329047 50384582 51298924
Tamang Naxi Chokhopani Mala 0.153599 0.277 0.514 0.209 15582 -17451 1869 19676 -2225 356
Tamang Naxi Chokhopani Pathan 0.100982 0.003 0.873 0.124 20977 -22532 1556 24316 -1784 229
Tamang Naxi Chokhopani Pulliyar 0.009785 0.291 0.486 0.223 33811 -38350 4539 43653 -5302 763
Tamang Naxi Chokhopani Southeast_China 0.054445 -2.999 3.090 0.910 1320697 -796392 -524305 499960 296432 227873
Tamang Naxi Kyang Han 0.294529 -4.081 3.189 1.891 83465403 -38770865 -44694538 18109557 20661308 24033231
Tamang Naxi Kyang Mala 0.848147 0.347 0.445 0.208 5235 -5914 679 6774 -861 182
Tamang Naxi Kyang Pathan 0.000000 0.016 0.877 0.107 34755 -38025 3270 41677 -3652 383
Tamang Naxi Kyang Pulliyar 0.495425 0.339 0.443 0.218 6197 -7062 865 8155 -1093 229
Tamang Naxi Kyang Southeast_China 0.162765 -3.042 2.887 1.155 666172 -376213 -289959 221660 154553 135406
Tamang Naxi Lubrak Han 0.125652 -10918.890 5799.684 5120.206 -297909771 -1143978752 1441888522 1065493683 78485069 -1520373591
Tamang Naxi Lubrak Mala 0.356079 0.360 0.410 0.230 12613 -13827 1214 15281 -1454 240
Tamang Naxi Lubrak Pathan 0.000178 -0.280 1.176 0.104 364810 -391724 26913 420949 -29225 2312
Tamang Naxi Lubrak Pulliyar 0.340457 0.330 0.425 0.244 14664 -16114 1450 17851 -1737 287
Tamang Naxi Lubrak Southeast_China 0.228594 -4.768 4.224 1.544 23603534 -14554375 -9049159 9070499 5483876 3565283
Tamang Naxi Mebrak Han 0.016189 50.460 -22.520 -26.941 1814829379 -859975298 -954854080 408042192 451933106 502920974
Tamang Naxi Mebrak Mala 0.151074 0.365 0.422 0.213 6636 -7488 852 8540 -1052 199
Tamang Naxi Mebrak Pathan 0.000000 -0.179 1.091 0.088 290891 -317402 26511 346450 -29048 2536
Tamang Naxi Mebrak Pulliyar 0.231895 0.345 0.430 0.225 6925 -7838 913 8976 -1138 225
Tamang Naxi Mebrak Southeast_China 0.015314 -3.592 3.249 1.342 1422780 -804156 -618625 469978 334178 284447
Tamang Naxi Rhirhi Han 0.021585 3.320 -0.194 -2.126 198782895 -85967108 -112815787 37291700 48675408 64140379
Tamang Naxi Rhirhi Mala 0.370021 0.411 0.380 0.208 4728 -5437 709 6363 -927 218
Tamang Naxi Rhirhi Pathan 0.000001 0.144 0.748 0.108 30779 -34253 3474 38213 -3960 486
Tamang Naxi Rhirhi Pulliyar 0.347805 0.401 0.378 0.221 5267 -6096 830 7185 -1089 259
Tamang Naxi Rhirhi Southeast_China 0.014098 -2.583 2.500 1.083 827444 -436268 -391176 238973 197295 193881
Tamang Naxi Samdzong Han 0.106424 -4.071 3.264 1.806 8726162 -4081635 -4644528 1936750 2144885 2499643
Tamang Naxi Samdzong Mala 0.405437 0.276 0.530 0.194 9116 -10423 1307 12010 -1587 281
Tamang Naxi Samdzong Pathan 0.000003 -0.293 1.223 0.070 115922 -127711 11789 140805 -13094 1305
Tamang Naxi Samdzong Pulliyar 0.498713 0.249 0.547 0.203 9296 -10709 1414 12446 -1737 323
Tamang Naxi Samdzong Southeast_China 0.137604 -2.218 2.486 0.732 273334 -155048 -118286 93895 61152 57134
Tamang Naxi Sherpa.LC Han 0.425879 7.729 -2.495 -4.234 545995784 -274094556 -271901229 137907893 136186662 135714567
Tamang Naxi Sherpa.LC Mala 0.541913 0.306 0.479 0.214 6860 -7630 770 8578 -948 178
Tamang Naxi Sherpa.LC Pathan 0.000000 -0.114 1.006 0.108 66466 -72149 5684 78400 -6251 567
Tamang Naxi Sherpa.LC Pulliyar 0.707215 0.287 0.488 0.224 7368 -8238 869 9314 -1077 207
Tamang Naxi Sherpa.LC Southeast_China 0.868470 -4.307 3.787 1.520 1467249 -877991 -589257 540369 337622 251635
Tamang Naxi UpperMustang.LC Han 0.157118 -5.417 4.203 2.214 22768269 -11501794 -11266475 5865976 5635817 5630657
Tamang Naxi UpperMustang.LC Mala 0.736592 0.205 0.596 0.198 9908 -11042 1134 12392 -1351 217
Tamang Naxi UpperMustang.LC Pathan 0.000000 -0.590 1.523 0.066 205232 -222849 17618 242095 -19246 1629
Tamang Naxi UpperMustang.LC Pulliyar 0.747644 0.176 0.617 0.207 11275 -12657 1382 14309 -1652 270
Tamang Naxi UpperMustang.LC Southeast_China 0.097906 -2.898 3.053 0.845 415210 -251100 -164109 159979 91122 72987
Tamang Upper_YR_LN Chokhopani Han 0.006818 -1.264 2.214 0.051 173733 -111674 -62060 84976 26697 35362
Tamang Upper_YR_LN Chokhopani Mala 0.057494 0.240 0.551 0.208 109566 -123819 14253 140097 -16278 2026
Tamang Upper_YR_LN Chokhopani Pathan 0.299126 -0.178 1.067 0.112 31813 -34278 2464 37087 -2809 345
Tamang Upper_YR_LN Chokhopani Pulliyar 0.021593 -6.249 7.994 -0.745 14902074 -17122401 2220327 19674668 -2552268 331941
Tamang Upper_YR_LN Chokhopani Southeast_China 0.006406 -1.195 2.190 0.005 99542 -77072 -22469 68284 8788 13681
Tamang Upper_YR_LN Kyang Han 0.018413 -1.398 2.125 0.272 111175 -66528 -44647 46085 20443 24204
Tamang Upper_YR_LN Kyang Mala 0.007401 -0.409 1.292 0.117 986640 -1137180 150541 1310831 -173651 23111
Tamang Upper_YR_LN Kyang Pathan 0.002112 -0.626 1.582 0.044 124806 -137818 13012 152392 -14575 1563
Tamang Upper_YR_LN Kyang Pulliyar 0.010604 -22.259 27.293 -4.034 1203627605 -1406027090 202399484 1642463381 -236436292 34036807
Tamang Upper_YR_LN Kyang Southeast_China 0.014865 -1.233 2.059 0.174 56224 -40063 -16161 32503 7560 8601
Tamang Upper_YR_LN Lubrak Han 0.669526 -1.956 2.819 0.137 536524 -376276 -160249 296947 79328 80921
Tamang Upper_YR_LN Lubrak Mala 0.552661 27.363 -29.535 3.172 138432331 -153462352 15030021 170132325 -16669973 1639952
Tamang Upper_YR_LN Lubrak Pathan 0.598574 -0.353 1.246 0.106 9361787 -10076470 714684 10848329 -771858 57175
Tamang Upper_YR_LN Lubrak Pulliyar 0.483647 1640.334 -1822.944 183.610 -400339415 -2013663664 -1880964217 886353324 1127310340 753653877
Tamang Upper_YR_LN Lubrak Southeast_China 0.668256 -1.892 2.792 0.100 352764 -282019 -70745 246284 35735 35010
Tamang Upper_YR_LN Mebrak Han 0.050826 -1.498 2.258 0.241 136823 -84650 -52173 60692 23958 28215
Tamang Upper_YR_LN Mebrak Mala 0.018423 -30620.452 35128.110 -4506.658 -1813732339 1493784139 319948199 429937752 -1923721890 1603773691
Tamang Upper_YR_LN Mebrak Pathan 0.012876 -1.089 2.087 0.002 1347228 -1483397 136169 1633957 -150560 14391
Tamang Upper_YR_LN Mebrak Pulliyar 0.024434 -4.858 6.428 -0.570 9888476 -11422886 1534409 13196043 -1773158 238748
Tamang Upper_YR_LN Mebrak Southeast_China 0.047834 -1.356 2.199 0.158 72406 -53357 -19049 44505 8852 10197
Tamang Upper_YR_LN Rhirhi Han 0.019560 -1.327 1.967 0.359 149659 -82046 -67613 53212 28835 38778
Tamang Upper_YR_LN Rhirhi Mala 0.001597 -205.164 241.670 -35.506 -1561647985 1086116423 475531562 -527850111 -558266312 82734750
Tamang Upper_YR_LN Rhirhi Pathan 0.001114 -0.621 1.598 0.023 833822 -929308 95486 1036244 -106936 11450
Tamang Upper_YR_LN Rhirhi Pulliyar 0.013441 -1.203 2.273 -0.070 1726601 -2053758 327157 2443172 -389415 62258
Tamang Upper_YR_LN Rhirhi Southeast_China 0.016942 -1.121 1.890 0.231 69988 -46873 -23116 36624 10248 12868
Tamang Upper_YR_LN Samdzong Han 0.022516 -0.981 1.919 0.063 54581 -31822 -22759 23206 8616 14144
Tamang Upper_YR_LN Samdzong Mala 0.051805 -0.040 0.893 0.147 227169 -264461 37292 308028 -43567 6275
Tamang Upper_YR_LN Samdzong Pathan 0.015006 -0.751 1.732 0.019 171564 -190472 18908 211686 -21214 2306
Tamang Upper_YR_LN Samdzong Pulliyar 0.087441 0.188 0.614 0.198 180038 -210907 30869 247199 -36292 5423
Tamang Upper_YR_LN Samdzong Southeast_China 0.022848 -0.955 1.908 0.047 31312 -22338 -8974 19220 3118 5855
Tamang Upper_YR_LN Sherpa.LC Han 0.448892 -1.707 2.487 0.220 137247 -90301 -46947 68767 21533 25413
Tamang Upper_YR_LN Sherpa.LC Mala 0.166333 0.911 -0.205 0.294 3932987 -4433407 500420 4998182 -564776 64356
Tamang Upper_YR_LN Sherpa.LC Pathan 0.142243 -1.230 2.216 0.014 449848 -488362 38514 530554 -42192 3678
Tamang Upper_YR_LN Sherpa.LC Pulliyar 0.173542 17.575 -19.118 2.543 48253442 -54714133 6460692 62041316 -7327182 866490
Tamang Upper_YR_LN Sherpa.LC Southeast_China 0.453018 -1.581 2.431 0.151 80213 -61862 -18351 53478 8384 9967
Tamang Upper_YR_LN UpperMustang.LC Han 0.004499 -1.169 2.179 -0.010 68365 -41200 -27166 30227 10973 16193
Tamang Upper_YR_LN UpperMustang.LC Mala 0.322380 0.052 0.766 0.182 42093 -47524 5431 53754 -6230 799
Tamang Upper_YR_LN UpperMustang.LC Pathan 0.005637 -0.779 1.733 0.046 107872 -118061 10189 129373 -11312 1123
Tamang Upper_YR_LN UpperMustang.LC Pulliyar 0.483328 0.117 0.682 0.201 35303 -40138 4835 45741 -5602 767
Tamang Upper_YR_LN UpperMustang.LC Southeast_China 0.004510 -1.172 2.182 -0.011 37922 -28013 -9909 24563 3450 6459
Tamang YR_MN Chokhopani Han 0.014520 5.851 -1.460 -3.390 147801122 -74398571 -73402551 37649446 36749125 36653426
Tamang YR_MN Chokhopani Mala 0.334890 0.296 0.493 0.211 13537 -15110 1572 16995 -1885 313
Tamang YR_MN Chokhopani Pathan 0.099510 -0.004 0.880 0.124 19185 -20458 1273 21930 -1472 199
Tamang YR_MN Chokhopani Pulliyar 0.090240 0.380 0.384 0.236 29005 -32855 3850 37352 -4497 647
Tamang YR_MN Chokhopani Southeast_China 0.001945 -2.365 2.774 0.591 1291706 -806062 -485644 522832 283231 202413
Tamang YR_MN Kyang Han 0.385715 -3.619 3.017 1.602 20042686 -9410525 -10632161 4483753 4926772 5705389
Tamang YR_MN Kyang Mala 0.467614 0.348 0.444 0.209 8928 -10105 1177 11541 -1436 259
Tamang YR_MN Kyang Pathan 0.000002 -0.194 1.103 0.090 88390 -95977 7587 104314 -8338 751
Tamang YR_MN Kyang Pulliyar 0.609894 0.383 0.390 0.228 9476 -10885 1409 12623 -1738 329
Tamang YR_MN Kyang Southeast_China 0.164958 -2.550 2.650 0.900 614329 -350921 -263408 211313 139608 123800
Tamang YR_MN Lubrak Han 0.737170 13.525 -5.905 -6.620 383721844 -208696227 -175025617 114045276 94650951 80374666
Tamang YR_MN Lubrak Mala 0.150490 0.380 0.387 0.233 62556 -69054 6498 76364 -7310 812
Tamang YR_MN Lubrak Pathan 0.006520 -0.313 1.209 0.104 2030692 -2182510 151818 2346518 -164008 12191
Tamang YR_MN Lubrak Pulliyar 0.317309 0.412 0.335 0.253 46860 -51642 4782 57058 -5416 634
Tamang YR_MN Lubrak Southeast_China 0.676074 -3.731 3.673 1.058 6820036 -4362600 -2457436 2855057 1507543 949893
Tamang YR_MN Mebrak Han 0.957536 -4.051 3.332 1.719 15429077 -7553509 -7875568 3764519 3788990 4086577
Tamang YR_MN Mebrak Mala 0.018844 0.411 0.371 0.218 28933 -32789 3857 37260 -4470 614
Tamang YR_MN Mebrak Pathan 0.000016 -0.907 1.883 0.024 462270 -506337 44068 554971 -48634 4566
Tamang YR_MN Mebrak Pulliyar 0.103309 0.403 0.362 0.234 25741 -29399 3658 33693 -4294 636
Tamang YR_MN Mebrak Southeast_China 0.856401 -2.743 2.830 0.913 731971 -430049 -301921 266366 163683 138238
Tamang YR_MN Rhirhi Han 0.778995 -3.564 2.822 1.741 12951687 -5759830 -7191857 2608666 3151164 4040693
Tamang YR_MN Rhirhi Mala 0.061135 0.439 0.349 0.213 12667 -14674 2008 17123 -2449 441
Tamang YR_MN Rhirhi Pathan 0.000004 -0.205 1.135 0.070 244336 -271804 27468 302552 -30748 3279
Tamang YR_MN Rhirhi Pulliyar 0.174980 0.460 0.307 0.234 13256 -15519 2263 18307 -2788 525
Tamang YR_MN Rhirhi Southeast_China 0.447977 -2.248 2.367 0.881 568941 -310473 -258468 179217 131256 127212
Tamang YR_MN Samdzong Han 0.193217 -2.604 2.594 1.010 3956990 -1861384 -2095606 899219 962165 1133442
Tamang YR_MN Samdzong Mala 0.230414 0.269 0.537 0.194 16144 -18457 2313 21198 -2741 428
Tamang YR_MN Samdzong Pathan 0.000097 -0.569 1.526 0.043 178842 -198165 19323 219756 -21591 2268
Tamang YR_MN Samdzong Pulliyar 0.629818 0.287 0.502 0.211 12405 -14342 1937 16692 -2350 413
Tamang YR_MN Samdzong Southeast_China 0.131067 -1.805 2.285 0.521 259858 -149862 -109996 93074 56788 53208
Tamang YR_MN Sherpa.LC Han 0.775137 -3.484 3.185 1.299 45383658 -23287307 -22096351 12070991 11216316 10880035
Tamang YR_MN Sherpa.LC Mala 0.232404 0.301 0.485 0.214 13957 -15515 1558 17342 -1827 269
Tamang YR_MN Sherpa.LC Pathan 0.000003 -0.576 1.505 0.072 275450 -298318 22868 323264 -24946 2078
Tamang YR_MN Sherpa.LC Pulliyar 0.628286 0.316 0.454 0.230 12869 -14451 1583 16338 -1886 304
Tamang YR_MN Sherpa.LC Southeast_China 0.775627 -3.264 3.235 1.030 1267476 -773869 -493607 490368 283501 210106
Tamang YR_MN UpperMustang.LC Han 0.450218 -3.204 3.107 1.097 4875079 -2498724 -2376355 1313353 1185372 1190983
Tamang YR_MN UpperMustang.LC Mala 0.444015 0.166 0.640 0.195 20062 -22396 2334 25092 -2696 362
Tamang YR_MN UpperMustang.LC Pathan 0.000580 -0.815 1.767 0.047 135567 -147652 12085 160993 -13341 1255
Tamang YR_MN UpperMustang.LC Pulliyar 0.726987 0.188 0.602 0.210 17709 -19990 2282 22668 -2678 396
Tamang YR_MN UpperMustang.LC Southeast_China 0.280425 -2.255 2.705 0.550 367976 -226205 -141771 148144 78061 63710
Tamang Yi Chokhopani Han 0.251597 22704.645 -9917.887 -12785.758 502416685 817668749 -1320085434 577183384 -1394852134 -1580029728
Tamang Yi Chokhopani Mala 0.138454 0.196 0.602 0.202 10337 -11685 1348 13354 -1670 322
Tamang Yi Chokhopani Pathan 0.119544 0.012 0.863 0.125 12807 -13809 1003 15000 -1191 188
Tamang Yi Chokhopani Pulliyar 0.010748 0.177 0.613 0.210 16472 -18928 2457 21919 -2991 534
Tamang Yi Chokhopani Southeast_China 0.024308 -3.353 3.106 1.247 2163158 -1189732 -973426 675150 514582 458843
Tamang Yi Kyang Han 0.015697 -6863.463 2747.612 4116.850 1147094238 -1534177925 387083688 -655280170 -2105509200 1718425513
Tamang Yi Kyang Mala 0.843217 0.280 0.519 0.201 3826 -4349 523 5039 -690 167
Tamang Yi Kyang Pathan 0.000001 0.064 0.824 0.112 10641 -11638 997 12797 -1159 162
Tamang Yi Kyang Pulliyar 0.605121 0.283 0.504 0.213 4118 -4741 623 5567 -826 203
Tamang Yi Kyang Southeast_China 0.004738 -3.374 2.901 1.473 1070761 -550916 -519845 293364 257551 262294
Tamang Yi Lubrak Han 0.006388 -11.762 6.935 5.827 312768936 -141620388 -171148548 64341115 77279273 93869275
Tamang Yi Lubrak Mala 0.367477 0.277 0.497 0.226 8253 -9162 909 10309 -1147 238
Tamang Yi Lubrak Pathan 0.000065 -0.129 1.014 0.115 60285 -65200 4915 70705 -5505 589
Tamang Yi Lubrak Pulliyar 0.416023 0.270 0.488 0.243 8356 -9326 970 10562 -1236 267
Tamang Yi Lubrak Southeast_China 0.030253 -4.998 4.042 1.956 20034677 -11039469 -8995208 6162500 4876969 4118239
Tamang Yi Mebrak Han 0.003606 -77.888 33.254 45.634 -1923446916 -968376689 -1403143691 395840790 572535900 830607791
Tamang Yi Mebrak Mala 0.102621 0.291 0.504 0.205 4727 -5350 623 6146 -796 173
Tamang Yi Mebrak Pathan 0.000000 -0.074 0.976 0.097 54621 -59960 5339 65906 -5946 607
Tamang Yi Mebrak Pulliyar 0.233908 0.288 0.491 0.220 4616 -5267 651 6115 -848 197
Tamang Yi Mebrak Southeast_China 0.001340 -3.674 3.108 1.566 1875994 -951001 -924993 496892 454109 470884
Tamang Yi Rhirhi Han 0.001345 -265.737 100.029 166.708 228197122 1019852542 -1248049664 1216968387 2058146367 -810096702
Tamang Yi Rhirhi Mala 0.330720 0.339 0.461 0.199 3596 -4170 573 4950 -781 208
Tamang Yi Rhirhi Pathan 0.000003 0.139 0.754 0.107 11018 -12263 1245 13738 -1475 230
Tamang Yi Rhirhi Pulliyar 0.391721 0.340 0.445 0.215 3801 -4459 658 5362 -903 245
Tamang Yi Rhirhi Southeast_China 0.000600 -2.660 2.407 1.253 1096177 -523811 -572366 259741 264070 308296
Tamang Yi Samdzong Han 0.038026 3.881 -0.200 -2.681 157062579 -62796512 -94266067 25199919 37596593 56669473
Tamang Yi Samdzong Mala 0.319188 0.201 0.614 0.185 6338 -7288 950 8476 -1188 238
Tamang Yi Samdzong Pathan 0.000001 -0.126 1.039 0.086 27236 -30144 2909 33443 -3299 391
Tamang Yi Samdzong Pulliyar 0.456807 0.194 0.609 0.197 6498 -7561 1062 8906 -1345 283
Tamang Yi Samdzong Southeast_China 0.061495 -2.341 2.415 0.926 311040 -160301 -150739 88423 71877 78862
Tamang Yi Sherpa.LC Han 0.105656 -174.696 76.382 99.314 -417989349 785232531 -367243183 1508330405 2001404360 -1634161177
Tamang Yi Sherpa.LC Mala 0.455251 0.239 0.552 0.208 4692 -5255 564 5979 -724 160
Tamang Yi Sherpa.LC Pathan 0.000000 -0.042 0.928 0.114 19198 -20909 1711 22844 -1935 224
Tamang Yi Sherpa.LC Pulliyar 0.732585 0.235 0.544 0.221 4872 -5512 640 6340 -828 189
Tamang Yi Sherpa.LC Southeast_China 0.326365 -4.798 3.774 2.024 2406296 -1279266 -1127030 698728 580538 546492
Tamang Yi UpperMustang.LC Han 0.027732 1315.645 -570.561 -744.084 -1577270639 143432112 1433838528 -440881218 297449107 -1731287634
Tamang Yi UpperMustang.LC Mala 0.696960 0.147 0.660 0.192 6420 -7197 777 8156 -959 182
Tamang Yi UpperMustang.LC Pathan 0.000000 -0.227 1.131 0.096 34153 -37151 2997 40485 -3334 337
Tamang Yi UpperMustang.LC Pulliyar 0.772751 0.138 0.658 0.203 6845 -7766 921 8911 -1145 225
Tamang Yi UpperMustang.LC Southeast_China 0.010764 -3.271 3.072 1.200 706609 -380662 -325948 213946 166715 159232
