Gurung Naga Chokhopani Han 0.082882 -2.245 2.474 0.771 1421638 -984348 -437290 695471 288876 148414
Gurung Naga Chokhopani Mala 0.525984 0.518 0.367 0.114 8413 -8866 454 9432 -565 112
Gurung Naga Chokhopani Pathan 0.090976 0.480 0.441 0.079 12182 -12653 471 13192 -539 67
Gurung Naga Chokhopani Pulliyar 0.202195 0.528 0.351 0.121 9577 -10138 562 10833 -695 133
Gurung Naga Chokhopani Southeast_China 0.019158 -1.558 2.123 0.435 480066 -370792 -109274 292181 78611 30662
Gurung Naga Kyang Han 0.004923 -4.251 3.316 1.935 18670461 -11239448 -7431014 6792949 4446499 2984515
Gurung Naga Kyang Mala 0.472980 0.657 0.218 0.124 2896 -2975 78 3133 -159 80
Gurung Naga Kyang Pathan 0.001453 0.716 0.194 0.089 3890 -4006 116 4171 -165 48
Gurung Naga Kyang Pulliyar 0.389649 0.645 0.224 0.131 2910 -2990 80 3162 -172 92
Gurung Naga Kyang Southeast_China 0.000019 -2.833 2.735 1.099 1791238 -1228342 -562896 847929 380413 182483
Gurung Naga Lubrak Han 0.033344 -0.113 0.840 0.273 129654820 -80543125 -49111695 50156061 30387064 18724631
Gurung Naga Lubrak Mala 0.272613 0.647 0.219 0.133 3807 -3753 -54 3782 -29 83
Gurung Naga Lubrak Pathan 0.000160 0.730 0.176 0.094 6215 -6223 8 6279 -56 48
Gurung Naga Lubrak Pulliyar 0.300583 0.616 0.243 0.141 3952 -3889 -62 3921 -32 94
Gurung Naga Lubrak Southeast_China 0.005865 -31582.499 22022.932 9560.567 1454462911 1433630156 1406874228 497585753 -1931215910 524341682
Gurung Naga Mebrak Han 0.000696 -3.779 3.209 1.570 10673322 -6744078 -3929244 4283952 2460126 1469118
Gurung Naga Mebrak Mala 0.345739 0.634 0.243 0.123 3901 -4018 117 4214 -197 80
Gurung Naga Mebrak Pathan 0.000513 0.717 0.195 0.089 5405 -5588 183 5821 -233 51
Gurung Naga Mebrak Pulliyar 0.334667 0.614 0.256 0.129 3904 -4007 103 4199 -192 89
Gurung Naga Mebrak Southeast_China 0.000068 -2.506 2.609 0.897 1142490 -811750 -330740 581962 229789 100951
Gurung Naga Rhirhi Han 0.002298 -1.864 1.986 0.878 835692 -515379 -320313 323494 191886 128427
Gurung Naga Rhirhi Mala 0.132441 0.651 0.234 0.114 4819 -5185 365 5668 -483 118
Gurung Naga Rhirhi Pathan 0.000496 0.687 0.232 0.081 7411 -7892 481 8453 -561 80
Gurung Naga Rhirhi Pulliyar 0.113721 0.634 0.247 0.120 4958 -5328 370 5830 -502 131
Gurung Naga Rhirhi Southeast_China 0.000693 -1.206 1.693 0.513 261008 -181794 -79214 129050 52744 26470
Gurung Naga Samdzong Han 0.000271 -3.137 2.765 1.372 2567735 -1585392 -982343 989219 596172 386171
Gurung Naga Samdzong Mala 0.557004 0.632 0.248 0.120 3450 -3592 142 3819 -227 85
Gurung Naga Samdzong Pathan 0.001056 0.712 0.201 0.087 4598 -4779 181 5013 -234 53
Gurung Naga Samdzong Pulliyar 0.533801 0.612 0.263 0.126 3558 -3710 152 3958 -248 96
Gurung Naga Samdzong Southeast_China 0.000001 -1.910 2.187 0.724 513255 -359391 -153865 254811 104579 49285
Gurung Naga UpperMustang.LC Han 0.002720 -3.891 3.480 1.411 4226791 -2848237 -1378553 1934295 913942 464611
Gurung Naga UpperMustang.LC Mala 0.406500 0.588 0.291 0.121 5071 -5259 188 5531 -272 84
Gurung Naga UpperMustang.LC Pathan 0.000444 0.682 0.230 0.087 7675 -7957 282 8293 -336 55
Gurung Naga UpperMustang.LC Pulliyar 0.413360 0.567 0.306 0.127 5057 -5239 182 5516 -277 94
Gurung Naga UpperMustang.LC Southeast_China 0.000023 -2.597 2.820 0.777 868721 -654548 -214172 497691 156857 57316
Gurung Naxi Chokhopani Han 0.424625 1.515 0.149 -0.665 149092517 -76128862 -72963655 38971361 37157501 35806154
Gurung Naxi Chokhopani Mala 0.331220 0.299 0.601 0.100 4089 -4274 185 4578 -304 119
Gurung Naxi Chokhopani Pathan 0.290959 0.292 0.636 0.072 4266 -4396 130 4590 -194 64
Gurung Naxi Chokhopani Pulliyar 0.112372 0.303 0.593 0.105 4310 -4521 211 4868 -347 136
Gurung Naxi Chokhopani Southeast_China 0.016620 -2.205 2.287 0.918 1122628 -692504 -430123 434064 258440 171683
Gurung Naxi Kyang Han 0.150159 -19.406 9.324 11.081 871392922 -384306393 -487086528 169642288 214664105 272422423
Gurung Naxi Kyang Mala 0.199557 0.464 0.425 0.111 1465 -1487 22 1580 -93 70
Gurung Naxi Kyang Pathan 0.000326 0.486 0.436 0.078 1653 -1693 40 1772 -79 39
Gurung Naxi Kyang Pulliyar 0.250106 0.458 0.425 0.117 1468 -1488 20 1589 -101 80
Gurung Naxi Kyang Southeast_China 0.000017 -4.156 3.057 2.099 7549448 -4129635 -3419812 2267913 1861722 1558090
Gurung Naxi Lubrak Han 0.175345 5.288 -1.616 -2.673 3334162 -1495582 -1838580 684790 810792 1027787
Gurung Naxi Lubrak Mala 0.104015 0.448 0.422 0.130 2278 -2218 -60 2253 -35 95
Gurung Naxi Lubrak Pathan 0.000031 0.473 0.436 0.091 3010 -3006 -4 3058 -52 56
Gurung Naxi Lubrak Pulliyar 0.168758 0.428 0.435 0.138 2341 -2271 -70 2309 -38 107
Gurung Naxi Lubrak Southeast_China 0.005639 -73.826 41.788 33.038 -1888783501 -1335598285 -1070585510 741620322 593977964 476607546
Gurung Naxi Mebrak Han 0.026219 -32.008 15.576 17.433 1165314891 -537089831 -628225060 247739080 289350751 338874309
Gurung Naxi Mebrak Mala 0.073415 0.425 0.466 0.109 1756 -1776 21 1867 -91 70
Gurung Naxi Mebrak Pathan 0.000027 0.452 0.472 0.076 2043 -2091 47 2179 -88 40
Gurung Naxi Mebrak Pulliyar 0.130950 0.416 0.469 0.116 1749 -1762 12 1854 -92 80
Gurung Naxi Mebrak Southeast_China 0.000128 -3.889 3.006 1.882 5499869 -3098297 -2401572 1754604 1343693 1057880
Gurung Naxi Rhirhi Han 0.016322 -0.440 1.035 0.405 74523559 -34178916 -40344643 15713664 18465252 21879391
Gurung Naxi Rhirhi Mala 0.013544 0.420 0.490 0.090 2439 -2565 126 2795 -229 103
Gurung Naxi Rhirhi Pathan 0.000159 0.424 0.516 0.060 2850 -2986 137 3182 -195 58
Gurung Naxi Rhirhi Pulliyar 0.019548 0.412 0.492 0.095 2492 -2614 123 2855 -241 118
Gurung Naxi Rhirhi Southeast_China 0.001258 -1.810 1.862 0.948 672928 -377075 -295853 214478 162597 133256
Gurung Naxi Samdzong Han 0.017479 -242372.986 110813.868 131560.118 -1045977796 1999475692 -953497916 450644400 1844847202 -891349304
Gurung Naxi Samdzong Mala 0.169380 0.434 0.462 0.104 1718 -1761 44 1879 -117 74
Gurung Naxi Samdzong Pathan 0.000106 0.463 0.465 0.072 1957 -2019 62 2123 -104 42
Gurung Naxi Samdzong Pulliyar 0.273805 0.423 0.468 0.109 1743 -1787 44 1915 -127 84
Gurung Naxi Samdzong Southeast_China 0.000001 -2.727 2.370 1.357 1586624 -886369 -700255 499327 387042 313214
Gurung Naxi UpperMustang.LC Han 0.047538 -747.258 366.547 381.711 513820998 -1898405084 1384584086 -1444624731 -951937480 -432646606
Gurung Naxi UpperMustang.LC Mala 0.149879 0.374 0.518 0.107 2107 -2149 42 2263 -115 72
Gurung Naxi UpperMustang.LC Pathan 0.000080 0.403 0.522 0.074 2380 -2443 63 2546 -104 41
Gurung Naxi UpperMustang.LC Pulliyar 0.230493 0.367 0.520 0.114 2135 -2173 38 2294 -121 83
Gurung Naxi UpperMustang.LC Southeast_China 0.000001 -3.825 3.131 1.693 3966706 -2344104 -1622602 1392085 952019 670584
Gurung Upper_YR_LN Chokhopani Han 0.000035 -0.973 1.574 0.399 227671 -145737 -81934 97909 47828 34106
Gurung Upper_YR_LN Chokhopani Mala 0.096991 0.332 0.561 0.108 6882 -7353 470 7964 -612 141
Gurung Upper_YR_LN Chokhopani Pathan 0.025559 0.294 0.632 0.074 7983 -8331 348 8757 -426 77
Gurung Upper_YR_LN Chokhopani Pulliyar 0.034817 0.347 0.539 0.114 8036 -8630 593 9392 -762 169
Gurung Upper_YR_LN Chokhopani Southeast_China 0.000013 -0.668 1.440 0.229 86513 -64969 -21544 51089 13880 7663
Gurung Upper_YR_LN Kyang Han 0.000000 -2.874 2.416 1.458 6769784 -3810882 -2958902 2160862 1650021 1308881
Gurung Upper_YR_LN Kyang Mala 0.010626 0.518 0.358 0.123 2304 -2401 97 2584 -183 86
Gurung Upper_YR_LN Kyang Pathan 0.000001 0.562 0.352 0.086 3090 -3223 133 3407 -184 52
Gurung Upper_YR_LN Kyang Pulliyar 0.028685 0.515 0.355 0.130 2259 -2349 90 2539 -190 100
Gurung Upper_YR_LN Kyang Southeast_China 0.000000 -1.600 1.879 0.720 832804 -553246 -279558 370453 182794 96765
Gurung Upper_YR_LN Lubrak Han 0.000000 2.098 -0.393 -0.705 91702348 -54125334 -37577014 32046825 22078509 15498505
Gurung Upper_YR_LN Lubrak Mala 0.000202 0.492 0.367 0.140 5327 -5359 32 5493 -134 102
Gurung Upper_YR_LN Lubrak Pathan 0.000000 0.548 0.355 0.097 11107 -11286 178 11527 -242 63
Gurung Upper_YR_LN Lubrak Pulliyar 0.001534 0.471 0.381 0.149 5203 -5224 21 5360 -137 116
Gurung Upper_YR_LN Lubrak Southeast_China 0.000000 -2.272 2.407 0.865 4687060 -3200480 -1486580 2200775 999704 486875
Gurung Upper_YR_LN Mebrak Han 0.000000 -2.436 2.284 1.153 1653412 -990847 -662566 602824 388023 274542
Gurung Upper_YR_LN Mebrak Mala 0.001460 0.483 0.396 0.121 3284 -3429 145 3661 -232 86
Gurung Upper_YR_LN Mebrak Pathan 0.000000 0.540 0.375 0.084 4949 -5172 223 5450 -278 56
Gurung Upper_YR_LN Mebrak Pulliyar 0.006549 0.475 0.398 0.128 3191 -3319 128 3545 -225 98
Gurung Upper_YR_LN Mebrak Southeast_China 0.000000 -1.408 1.815 0.593 311139 -218209 -92930 155490 62718 30212
Gurung Upper_YR_LN Rhirhi Han 0.000034 -1.195 1.532 0.662 277541 -158048 -119493 93580 64468 55024
Gurung Upper_YR_LN Rhirhi Mala 0.000157 0.486 0.412 0.102 5710 -6222 512 6883 -660 148
Gurung Upper_YR_LN Rhirhi Pathan 0.000000 0.494 0.438 0.068 7887 -8439 552 9084 -645 93
Gurung Upper_YR_LN Rhirhi Pulliyar 0.000661 0.479 0.412 0.108 5512 -5998 486 6647 -649 162
Gurung Upper_YR_LN Rhirhi Southeast_China 0.000007 -0.690 1.325 0.365 102097 -68795 -33302 47949 20845 12457
Gurung Upper_YR_LN Samdzong Han 0.000000 -1.808 1.875 0.933 1182771 -678591 -504180 394632 283959 220221
Gurung Upper_YR_LN Samdzong Mala 0.015352 0.489 0.395 0.116 2732 -2879 147 3116 -237 90
Gurung Upper_YR_LN Samdzong Pathan 0.000001 0.544 0.374 0.081 3823 -4022 198 4277 -256 58
Gurung Upper_YR_LN Samdzong Pulliyar 0.069025 0.478 0.400 0.122 2688 -2834 145 3082 -248 103
Gurung Upper_YR_LN Samdzong Southeast_China 0.000000 -0.838 1.418 0.420 240682 -163558 -77124 112479 51079 26045
Gurung Upper_YR_LN UpperMustang.LC Han 0.000000 -2.241 2.253 0.988 1236289 -759820 -476469 473858 285961 190508
Gurung Upper_YR_LN UpperMustang.LC Mala 0.058201 0.420 0.463 0.117 3139 -3283 143 3512 -229 86
Gurung Upper_YR_LN UpperMustang.LC Pathan 0.000002 0.472 0.446 0.081 4627 -4831 204 5089 -258 54
Gurung Upper_YR_LN UpperMustang.LC Pulliyar 0.181435 0.414 0.462 0.124 3064 -3198 134 3430 -232 98
Gurung Upper_YR_LN UpperMustang.LC Southeast_China 0.000000 -1.299 1.807 0.492 276699 -198253 -78446 143979 54274 24172
Gurung YR_MN Chokhopani Han 0.007207 -41.066 20.147 21.918 558963086 -260780263 -298182824 121818077 138962186 159220638
Gurung YR_MN Chokhopani Mala 0.379989 0.264 0.642 0.094 3364 -3448 84 3654 -206 122
Gurung YR_MN Chokhopani Pathan 0.303786 0.258 0.674 0.068 3594 -3658 64 3789 -131 67
Gurung YR_MN Chokhopani Pulliyar 0.144535 0.268 0.634 0.098 3558 -3654 95 3889 -235 140
Gurung YR_MN Chokhopani Southeast_China 0.000030 -1.281 1.706 0.575 4225629 -2490598 -1735031 1476751 1013847 721184
Gurung YR_MN Kyang Han 0.018032 3.994 -0.777 -2.217 10115055 -3987871 -6127184 1596331 2391540 3735644
Gurung YR_MN Kyang Mala 0.063502 0.420 0.477 0.103 1501 -1505 4 1596 -91 87
Gurung YR_MN Kyang Pathan 0.000141 0.445 0.484 0.070 1732 -1762 30 1840 -78 49
Gurung YR_MN Kyang Pulliyar 0.116646 0.414 0.478 0.108 1467 -1464 -3 1560 -96 99
Gurung YR_MN Kyang Southeast_China 0.000002 419.873 -213.469 -205.404 205136064 1909196500 -2114332564 -884831296 -1024365204 -1156269528
Gurung YR_MN Lubrak Han 0.052334 3.926 -0.825 -2.102 2766572 -1151973 -1614599 499670 652303 962295
Gurung YR_MN Lubrak Mala 0.030439 0.407 0.467 0.126 2541 -2457 -84 2488 -32 116
Gurung YR_MN Lubrak Pathan 0.000017 0.443 0.470 0.087 3377 -3361 -16 3414 -53 69
Gurung YR_MN Lubrak Pulliyar 0.066191 0.393 0.475 0.132 2588 -2475 -113 2493 -18 131
Gurung YR_MN Lubrak Southeast_China 0.000331 -5.466 3.770 2.696 154321284 -82654989 -71666295 44362652 38292337 33373958
Gurung YR_MN Mebrak Han 0.068857 3.096 -0.458 -1.638 33124689 -13943937 -19180752 5919998 8023939 11156812
Gurung YR_MN Mebrak Mala 0.003331 0.378 0.519 0.102 1919 -1918 0 2003 -85 85
Gurung YR_MN Mebrak Pathan 0.000001 0.412 0.518 0.069 2312 -2351 39 2440 -88 49
Gurung YR_MN Mebrak Pulliyar 0.008467 0.365 0.526 0.109 1874 -1857 -17 1937 -79 96
Gurung YR_MN Mebrak Southeast_China 0.000246 5.676 -2.181 -2.494 134888601 -72053474 -62835127 38551361 33502113 29333014
Gurung YR_MN Rhirhi Han 0.267973 2235.015 -936.662 -1297.353 630451749 -700760486 70308737 1551695590 -850935104 780626367
Gurung YR_MN Rhirhi Mala 0.000570 0.374 0.547 0.079 3100 -3233 133 3488 -255 122
Gurung YR_MN Rhirhi Pathan 0.000010 0.381 0.567 0.052 3558 -3705 147 3919 -214 67
Gurung YR_MN Rhirhi Pulliyar 0.000957 0.362 0.553 0.084 3112 -3229 117 3487 -257 140
Gurung YR_MN Rhirhi Southeast_China 0.009632 -2.168 2.016 1.152 1966561 -1044125 -922436 560701 483424 439012
Gurung YR_MN Samdzong Han 0.006410 3.196 -0.461 -1.735 14084447 -5762508 -8321940 2385255 3377253 4944687
Gurung YR_MN Samdzong Mala 0.078812 0.391 0.513 0.096 1612 -1637 26 1750 -113 87
Gurung YR_MN Samdzong Pathan 0.000073 0.422 0.513 0.066 1890 -1943 53 2047 -104 51
Gurung YR_MN Samdzong Pulliyar 0.239206 0.379 0.519 0.102 1568 -1585 18 1700 -115 97
Gurung YR_MN Samdzong Southeast_China 0.000000 53.706 -27.377 -25.329 809031684 -425256978 -383774707 223648273 201608705 182166002
Gurung YR_MN UpperMustang.LC Han 0.011810 3.525 -0.651 -1.875 14825169 -6488159 -8337010 2871650 3616509 4720501
Gurung YR_MN UpperMustang.LC Mala 0.055547 0.326 0.574 0.101 1992 -2009 17 2109 -99 82
Gurung YR_MN UpperMustang.LC Pathan 0.000035 0.357 0.574 0.069 2358 -2405 47 2499 -94 47
Gurung YR_MN UpperMustang.LC Pulliyar 0.135221 0.317 0.576 0.107 1952 -1956 4 2053 -97 93
Gurung YR_MN UpperMustang.LC Southeast_China 0.000001 176.569 -96.803 -78.766 -274653377 2070994517 -1796341141 1230563610 993409169 802931972
Gurung Yi Chokhopani Han 0.252330 -1.342 1.531 0.811 94410103 -44346298 -50063805 20899798 23446500 26617305
Gurung Yi Chokhopani Mala 0.388683 0.274 0.625 0.100 3475 -3651 176 3950 -299 124
Gurung Yi Chokhopani Pathan 0.365622 0.268 0.660 0.072 3661 -3787 126 3980 -193 67
Gurung Yi Chokhopani Pulliyar 0.150979 0.281 0.614 0.105 3635 -3835 200 4177 -341 141
Gurung Yi Chokhopani Southeast_China 0.017480 -2.289 2.246 1.043 1132674 -660782 -471891 391680 269102 202789
Gurung Yi Kyang Han 0.037997 -21.597 9.371 13.227 939261834 -374666927 -564594907 149605012 225061915 339532992
Gurung Yi Kyang Mala 0.258224 0.433 0.455 0.112 1238 -1261 24 1357 -96 73
Gurung Yi Kyang Pathan 0.000297 0.454 0.468 0.078 1412 -1450 38 1530 -79 41
Gurung Yi Kyang Pulliyar 0.358732 0.432 0.450 0.118 1260 -1285 25 1393 -108 83
Gurung Yi Kyang Southeast_China 0.000004 -4.343 3.006 2.337 12376945 -6352073 -6024872 3271134 3080940 2943932
Gurung Yi Lubrak Han 0.037186 5.751 -1.550 -3.201 5967988 -2372544 -3595443 959032 1413512 2181931
Gurung Yi Lubrak Mala 0.142602 0.415 0.452 0.133 1987 -1948 -39 2008 -60 99
Gurung Yi Lubrak Pathan 0.000042 0.437 0.470 0.093 2657 -2671 13 2744 -73 60
Gurung Yi Lubrak Pulliyar 0.250651 0.400 0.459 0.141 2053 -2009 -44 2076 -67 111
Gurung Yi Lubrak Southeast_China 0.002368 -2344.641 1202.249 1143.392 2077394742 -1479322304 -598072439 -79846673 1559168977 -961096538
Gurung Yi Mebrak Han 0.006383 -103.102 44.023 60.079 -385870107 -1637663678 2023533784 686385927 951277751 1320155761
Gurung Yi Mebrak Mala 0.105788 0.398 0.492 0.111 1525 -1547 22 1642 -95 73
Gurung Yi Mebrak Pathan 0.000031 0.423 0.500 0.077 1791 -1838 47 1926 -89 42
Gurung Yi Mebrak Pulliyar 0.208159 0.393 0.489 0.118 1550 -1568 18 1667 -99 82
Gurung Yi Mebrak Southeast_China 0.000043 -3.737 2.789 1.948 4986446 -2628574 -2357873 1393194 1235379 1122493
Gurung Yi Rhirhi Han 0.000149 -0.468 1.033 0.435 41826534 -17526334 -24300200 7366076 10160258 14139942
Gurung Yi Rhirhi Mala 0.039545 0.394 0.515 0.091 1976 -2098 122 2328 -229 108
Gurung Yi Rhirhi Pathan 0.000482 0.397 0.543 0.060 2337 -2468 130 2659 -191 61
Gurung Yi Rhirhi Pulliyar 0.055050 0.390 0.513 0.097 2047 -2170 124 2417 -247 124
Gurung Yi Rhirhi Southeast_China 0.000076 -1.470 1.622 0.848 499478 -264528 -234949 142618 121910 113039
Gurung Yi Samdzong Han 0.037596 78.547 -31.898 -45.649 -1660555278 -1096336291 -1538075727 456504890 639831401 898244325
Gurung Yi Samdzong Mala 0.125205 0.401 0.494 0.106 1472 -1521 49 1648 -127 77
Gurung Yi Samdzong Pathan 0.000042 0.428 0.498 0.074 1728 -1797 70 1913 -115 46
Gurung Yi Samdzong Pulliyar 0.232267 0.393 0.496 0.111 1516 -1570 54 1710 -141 87
Gurung Yi Samdzong Southeast_China 0.000004 -2.772 2.286 1.486 1393273 -734902 -658371 391597 343305 315066
Gurung Yi UpperMustang.LC Han 0.044953 25461.730 -11527.930 -13932.799 1509406792 -455720404 -1053686436 1392690080 -936969688 1990656066
Gurung Yi UpperMustang.LC Mala 0.127470 0.343 0.548 0.108 1794 -1840 46 1961 -121 75
Gurung Yi UpperMustang.LC Pathan 0.000043 0.370 0.555 0.075 2055 -2119 64 2226 -107 42
Gurung Yi UpperMustang.LC Pulliyar 0.223674 0.340 0.545 0.115 1851 -1898 47 2031 -133 85
Gurung Yi UpperMustang.LC Southeast_China 0.000008 -4.074 3.111 1.963 3290565 -1828387 -1462178 1022441 805946 656233
Tamang Naga Chokhopani Han 0.077959 -4.691 4.284 1.407 4183843 -2911041 -1272802 2071097 839944 432859
Tamang Naga Chokhopani Mala 0.357181 0.325 0.471 0.204 8969 -9429 460 10001 -572 112
Tamang Naga Chokhopani Pathan 0.009550 0.199 0.659 0.142 18234 -18860 626 19573 -713 87
Tamang Naga Chokhopani Pulliyar 0.024010 0.306 0.481 0.213 13345 -14095 751 14992 -897 146
Tamang Naga Chokhopani Southeast_China 0.017137 -3.528 3.714 0.814 1400360 -1087851 -312509 864372 223479 89029
Tamang Naga Kyang Han 0.009972 -8.081 5.688 3.392 22638469 -13627734 -9010735 8261016 5366718 3644017
Tamang Naga Kyang Mala 0.963276 0.477 0.306 0.217 2433 -2500 67 2631 -132 65
Tamang Naga Kyang Pathan 0.000000 0.582 0.261 0.157 5836 -6021 185 6249 -228 43
Tamang Naga Kyang Pulliyar 0.499890 0.456 0.318 0.227 2609 -2683 74 2832 -148 74
Tamang Naga Kyang Southeast_China 0.000090 -5.299 4.461 1.838 2808005 -1925468 -882537 1335205 590264 292273
Tamang Naga Lubrak Han 0.027058 -27.050 17.662 10.389 1401867499 -871517214 -530350285 542499084 329018129 201332156
Tamang Naga Lubrak Mala 0.671780 0.484 0.285 0.230 3081 -3033 -48 3055 -22 69
Tamang Naga Lubrak Pathan 0.000000 0.586 0.249 0.165 11320 -11426 106 11576 -149 43
Tamang Naga Lubrak Pulliyar 0.462010 0.435 0.322 0.243 3584 -3522 -62 3543 -21 83
Tamang Naga Lubrak Southeast_China 0.005816 3847.453 -2686.694 -1159.758 1668729390 -29307243 -1639422147 -467317648 496624891 1142797256
Tamang Naga Mebrak Han 0.001506 -6.925 5.288 2.637 13939494 -8821035 -5118459 5631497 3189539 1928920
Tamang Naga Mebrak Mala 0.466415 0.456 0.330 0.214 3121 -3232 111 3409 -177 66
Tamang Naga Mebrak Pathan 0.000000 0.609 0.236 0.155 9360 -9772 412 10239 -467 55
Tamang Naga Mebrak Pulliyar 0.334984 0.414 0.360 0.225 3292 -3395 103 3572 -177 74
Tamang Naga Mebrak Southeast_China 0.000212 -4.607 4.157 1.450 2103031 -1496402 -606629 1078308 418094 188535
Tamang Naga Rhirhi Han 0.020007 -3.549 3.125 1.424 1109468 -686069 -423399 438014 248055 175344
Tamang Naga Rhirhi Mala 0.302737 0.454 0.343 0.203 3980 -4254 275 4624 -370 95
Tamang Naga Rhirhi Pathan 0.000000 0.448 0.410 0.142 11817 -12518 701 13307 -789 88
Tamang Naga Rhirhi Pulliyar 0.156394 0.417 0.371 0.212 4411 -4721 309 5141 -420 110
Tamang Naga Rhirhi Southeast_China 0.010296 -2.578 2.709 0.869 385988 -269705 -116283 194731 74974 41309
Tamang Naga Samdzong Han 0.000804 -5.721 4.464 2.257 4404023 -2723375 -1680648 1711105 1012270 668379
Tamang Naga Samdzong Mala 0.912076 0.448 0.341 0.211 2790 -2907 117 3090 -183 66
Tamang Naga Samdzong Pathan 0.000000 0.573 0.274 0.154 7641 -7956 315 8320 -365 49
Tamang Naga Samdzong Pulliyar 0.723008 0.408 0.372 0.220 2936 -3063 127 3265 -202 75
Tamang Naga Samdzong Southeast_China 0.000007 -3.909 3.652 1.258 983055 -688849 -294206 492200 196649 97557
Tamang Naga UpperMustang.LC Han 0.006634 -6.920 5.613 2.307 7391136 -4982842 -2408294 3397531 1585311 822982
Tamang Naga UpperMustang.LC Mala 0.947035 0.371 0.417 0.211 3914 -4043 128 4233 -191 62
Tamang Naga UpperMustang.LC Pathan 0.000000 0.181 0.677 0.143 22726 -23497 770 24329 -832 62
Tamang Naga UpperMustang.LC Pulliyar 0.776244 0.333 0.446 0.221 4090 -4225 135 4431 -206 71
Tamang Naga UpperMustang.LC Southeast_China 0.000128 -4.873 4.581 1.293 1617966 -1219690 -398276 931890 287800 110476
Tamang Naxi Chokhopani Han 0.453975 -4.105 3.150 1.955 297168307 -151751877 -145416430 77773246 73978630 71437800
Tamang Naxi Chokhopani Mala 0.214371 0.178 0.628 0.195 4185 -4343 158 4622 -279 121
Tamang Naxi Chokhopani Pathan 0.035928 0.154 0.706 0.140 4905 -5033 127 5233 -201 73
Tamang Naxi Chokhopani Pulliyar 0.017891 0.165 0.631 0.204 4858 -5058 200 5398 -340 140
Tamang Naxi Chokhopani Southeast_China 0.015742 -5.050 4.121 1.929 3371260 -2083287 -1287973 1311958 771329 516644
Tamang Naxi Kyang Han 0.125015 -1111.369 491.266 621.103 1657787641 140649247 -1798436888 -1190148002 1049498755 748938133
Tamang Naxi Kyang Mala 0.930266 0.344 0.448 0.208 1301 -1308 7 1383 -75 67
Tamang Naxi Kyang Pathan 0.000000 0.376 0.477 0.147 1868 -1907 39 1987 -80 41
Tamang Naxi Kyang Pulliyar 0.632563 0.331 0.452 0.217 1401 -1405 5 1485 -80 75
Tamang Naxi Kyang Southeast_China 0.000042 -8.087 5.249 3.838 12217166 -6676885 -5540280 3673459 3003427 2536854
Tamang Naxi Lubrak Han 0.083702 9.509 -3.457 -5.052 18122458 -8162882 -9959575 3732585 4430297 5529278
Tamang Naxi Lubrak Mala 0.483711 0.342 0.430 0.228 1966 -1903 -63 1927 -24 87
Tamang Naxi Lubrak Pathan 0.000000 0.360 0.480 0.160 3715 -3731 15 3803 -72 57
Tamang Naxi Lubrak Pulliyar 0.460243 0.309 0.449 0.242 2173 -2096 -77 2120 -25 102
Tamang Naxi Lubrak Southeast_China 0.004995 -1920.252 1066.979 854.273 1810758115 -1371692838 -439065276 1659213219 -287520381 726585657
Tamang Naxi Mebrak Han 0.021360 -10000.245 4612.599 5388.646 -1926382649 1441862679 484519970 -1553298529 111435850 -595955820
Tamang Naxi Mebrak Mala 0.196483 0.307 0.489 0.204 1522 -1545 23 1637 -92 69
Tamang Naxi Mebrak Pathan 0.000000 0.341 0.518 0.141 2518 -2599 82 2724 -124 43
Tamang Naxi Mebrak Pulliyar 0.277614 0.286 0.499 0.215 1597 -1612 14 1704 -93 78
Tamang Naxi Mebrak Southeast_China 0.000301 -7.293 4.975 3.318 9397569 -5296224 -4101345 3008767 2287457 1813888
Tamang Naxi Rhirhi Han 0.039772 -7.668 4.478 4.190 37529913 -17203931 -20325983 7946487 9257443 11068539
Tamang Naxi Rhirhi Mala 0.207338 0.307 0.507 0.187 1987 -2068 81 2244 -176 95
Tamang Naxi Rhirhi Pathan 0.000000 0.303 0.567 0.130 2734 -2852 118 3030 -178 60
Tamang Naxi Rhirhi Pulliyar 0.179412 0.287 0.516 0.197 2126 -2212 87 2408 -196 109
Tamang Naxi Rhirhi Southeast_China 0.009284 -3.775 3.036 1.738 1097704 -614789 -482915 352971 261818 221097
Tamang Naxi Samdzong Han 0.019240 119.094 -53.565 -64.529 -952992556 803013096 149979460 1597565818 1894388382 -2044367841
Tamang Naxi Samdzong Mala 0.549876 0.308 0.492 0.200 1449 -1482 33 1582 -100 67
Tamang Naxi Samdzong Pathan 0.000000 0.343 0.517 0.139 2123 -2185 62 2287 -102 40
Tamang Naxi Samdzong Pulliyar 0.619689 0.286 0.504 0.210 1527 -1562 35 1672 -110 76
Tamang Naxi Samdzong Southeast_China 0.000003 -5.665 4.074 2.591 3011009 -1681061 -1329948 951536 729525 600423
Tamang Naxi UpperMustang.LC Han 0.045404 3933.686 -1924.957 -2007.729 -1603005397 -648686021 -2043275878 1132678370 -483992349 -1767699068
Tamang Naxi UpperMustang.LC Mala 0.848430 0.238 0.559 0.203 1721 -1738 17 1816 -79 62
Tamang Naxi UpperMustang.LC Pathan 0.000000 0.285 0.571 0.144 2525 -2560 35 2632 -72 37
Tamang Naxi UpperMustang.LC Pulliyar 0.830707 0.221 0.566 0.213 1832 -1850 18 1937 -87 69
Tamang Naxi UpperMustang.LC Southeast_China 0.000003 -7.205 5.182 3.023 5610903 -3318499 -2292403 1980783 1337716 954687
Tamang Upper_YR_LN Chokhopani Han 0.000002 -2.990 3.005 0.985 974876 -624668 -350209 421460 203208 147001
Tamang Upper_YR_LN Chokhopani Mala 0.084184 0.170 0.633 0.197 7347 -7759 412 8312 -552 140
Tamang Upper_YR_LN Chokhopani Pathan 0.011140 0.072 0.790 0.138 9858 -10198 341 10631 -433 92
Tamang Upper_YR_LN Chokhopani Pulliyar 0.008067 0.164 0.629 0.207 9862 -10477 615 11262 -785 170
Tamang Upper_YR_LN Chokhopani Southeast_China 0.000000 -2.231 2.693 0.537 366890 -274245 -92645 214650 59595 33050
Tamang Upper_YR_LN Kyang Han 0.000000 -6.548 4.565 2.983 12948777 -7280875 -5667902 4146672 3134203 2533699
Tamang Upper_YR_LN Kyang Mala 0.010961 0.368 0.417 0.215 2542 -2621 79 2774 -153 74
Tamang Upper_YR_LN Kyang Pathan 0.000000 0.473 0.374 0.153 5650 -5867 218 6137 -269 52
Tamang Upper_YR_LN Kyang Pulliyar 0.017949 0.359 0.414 0.226 2590 -2672 82 2836 -164 82
Tamang Upper_YR_LN Kyang Southeast_China 0.000000 -4.232 3.679 1.553 1773657 -1172810 -600847 789425 383385 217462
Tamang Upper_YR_LN Lubrak Han 0.000000 5.339 -2.262 -2.077 433530596 -256640532 -176890064 152381426 104259106 72630958
Tamang Upper_YR_LN Lubrak Mala 0.002171 0.330 0.435 0.235 4962 -4957 -5 5045 -88 93
Tamang Upper_YR_LN Lubrak Pathan 0.000000 0.357 0.479 0.164 50067 -51008 941 52031 -1023 82
Tamang Upper_YR_LN Lubrak Pulliyar 0.014069 0.304 0.448 0.248 4742 -4722 -20 4809 -86 106
Tamang Upper_YR_LN Lubrak Southeast_China 0.000000 -5.599 4.730 1.869 20299485 -13902122 -6397364 9591008 4311113 2086250
Tamang Upper_YR_LN Mebrak Han 0.000000 -5.035 3.933 2.102 4167899 -2488257 -1679642 1516270 971987 707655
Tamang Upper_YR_LN Mebrak Mala 0.000414 0.328 0.462 0.211 3830 -3989 159 4227 -238 78
Tamang Upper_YR_LN Mebrak Pathan 0.000000 0.477 0.372 0.150 14895 -15652 756 16488 -837 81
Tamang Upper_YR_LN Mebrak Pulliyar 0.003460 0.305 0.472 0.223 3681 -3819 139 4044 -224 86
Tamang Upper_YR_LN Mebrak Southeast_China 0.000000 -3.333 3.219 1.114 862296 -600090 -262206 427056 173033 89173
Tamang Upper_YR_LN Rhirhi Han 0.000077 -2.608 2.448 1.160 470802 -266577 -204226 161198 105378 98847
Tamang Upper_YR_LN Rhirhi Mala 0.000479 0.310 0.497 0.194 6693 -7167 474 7769 -602 129
Tamang Upper_YR_LN Rhirhi Pathan 0.000000 0.234 0.638 0.128 25066 -26489 1423 28055 -1566 143
Tamang Upper_YR_LN Rhirhi Pulliyar 0.001748 0.294 0.502 0.204 6502 -6975 474 7591 -616 142
Tamang Upper_YR_LN Rhirhi Southeast_China 0.000009 -1.856 2.175 0.682 164194 -109526 -54668 77846 31680 22989
Tamang Upper_YR_LN Samdzong Han 0.000000 -4.339 3.418 1.922 2248117 -1288401 -959717 758856 529545 430172
Tamang Upper_YR_LN Samdzong Mala 0.022487 0.332 0.460 0.207 2639 -2760 121 2954 -194 74
Tamang Upper_YR_LN Samdzong Pathan 0.000000 0.448 0.403 0.149 8097 -8485 387 8931 -447 59
Tamang Upper_YR_LN Samdzong Pulliyar 0.122552 0.312 0.471 0.218 2501 -2620 120 2822 -202 82
Tamang Upper_YR_LN Samdzong Southeast_China 0.000000 -2.848 2.831 1.017 484203 -325590 -158614 225800 99790 58824
Tamang Upper_YR_LN UpperMustang.LC Han 0.000000 -4.853 3.952 1.901 2538321 -1555058 -983263 976997 578062 405201
Tamang Upper_YR_LN UpperMustang.LC Mala 0.203517 0.258 0.533 0.209 2849 -2932 83 3080 -149 66
Tamang Upper_YR_LN UpperMustang.LC Pathan 0.000000 0.399 0.450 0.151 10215 -10531 316 10896 -365 49
Tamang Upper_YR_LN UpperMustang.LC Pulliyar 0.488281 0.245 0.535 0.219 2759 -2849 90 3013 -164 73
Tamang Upper_YR_LN UpperMustang.LC Southeast_China 0.000000 -3.317 3.297 1.020 563452 -401837 -161614 294715 107123 54491
Tamang YR_MN Chokhopani Han 0.007196 -45.421 22.321 24.101 1608959049 -749982911 -858976138 350296403 399686508 459289630
Tamang YR_MN Chokhopani Mala 0.279001 0.160 0.649 0.191 3195 -3244 48 3411 -167 119
Tamang YR_MN Chokhopani Pathan 0.043971 0.142 0.720 0.137 4151 -4198 46 4316 -118 72
Tamang YR_MN Chokhopani Pulliyar 0.033349 0.158 0.641 0.200 3556 -3625 69 3829 -204 134
Tamang YR_MN Chokhopani Southeast_China 0.000014 -4.762 3.858 1.904 27085821 -15944137 -11141684 9452677 6491461 4650223
Tamang YR_MN Kyang Han 0.015834 7.814 -2.182 -4.632 34345474 -13547232 -20798242 5430760 8116472 12681769
Tamang YR_MN Kyang Mala 0.586871 0.308 0.490 0.202 1246 -1230 -16 1289 -59 75
Tamang YR_MN Kyang Pathan 0.000000 0.368 0.492 0.141 1901 -1919 18 1981 -63 45
Tamang YR_MN Kyang Pulliyar 0.596423 0.299 0.489 0.212 1253 -1236 -18 1302 -67 85
Tamang YR_MN Kyang Southeast_China 0.000002 84.678 -42.293 -41.385 -429033090 -1971577444 -1894356762 1006133149 965444295 928912468
Tamang YR_MN Lubrak Han 0.047091 6.682 -1.887 -3.794 7749736 -3232013 -4517723 1406239 1825774 2691949
Tamang YR_MN Lubrak Mala 0.237669 0.308 0.467 0.225 1991 -1902 -88 1916 -14 102
Tamang YR_MN Lubrak Pathan 0.000000 0.367 0.476 0.157 3782 -3757 -25 3794 -37 63
Tamang YR_MN Lubrak Pulliyar 0.374001 0.285 0.477 0.238 2115 -2007 -108 2017 -10 118
Tamang YR_MN Lubrak Southeast_China 0.000322 -5.503 3.850 2.654 443167211 -237375958 -205791254 127457398 109918560 95872693
Tamang YR_MN Mebrak Han 0.071748 6.889 -1.937 -3.952 86696147 -36508377 -50187770 15530548 20977829 29209941
Tamang YR_MN Mebrak Mala 0.021400 0.271 0.530 0.198 1562 -1561 -1 1636 -76 76
Tamang YR_MN Mebrak Pathan 0.000000 0.341 0.522 0.136 2625 -2687 62 2794 -108 46
Tamang YR_MN Mebrak Pulliyar 0.072230 0.253 0.536 0.211 1557 -1547 -10 1623 -76 86
Tamang YR_MN Mebrak Southeast_China 0.000241 4.390 -1.416 -1.975 422298544 -225509023 -196789521 120662636 104846387 91943134
Tamang YR_MN Rhirhi Han 0.265125 7068.148 -2964.657 -4102.491 -1421044078 -1097204922 -1776718295 798055409 299149513 1477568782
Tamang YR_MN Rhirhi Mala 0.024629 0.263 0.557 0.180 2280 -2344 64 2513 -169 105
Tamang YR_MN Rhirhi Pathan 0.000000 0.274 0.603 0.123 3532 -3640 108 3810 -171 63
Tamang YR_MN Rhirhi Pulliyar 0.033735 0.247 0.563 0.191 2337 -2409 72 2601 -192 120
Tamang YR_MN Rhirhi Southeast_China 0.012224 -4.538 3.352 2.186 4800109 -2546490 -2253619 1371699 1174791 1078828
Tamang YR_MN Samdzong Han 0.004752 6.500 -1.697 -3.803 74563534 -30533258 -44030276 12638838 17894420 26135857
Tamang YR_MN Samdzong Mala 0.390392 0.276 0.530 0.194 1289 -1298 9 1378 -80 71
Tamang YR_MN Samdzong Pathan 0.000000 0.338 0.528 0.135 2050 -2094 44 2180 -86 42
Tamang YR_MN Samdzong Pulliyar 0.800527 0.260 0.535 0.205 1278 -1287 9 1377 -90 81
Tamang YR_MN Samdzong Southeast_China 0.000000 8.179 -3.362 -3.816 484694082 -254767801 -229926281 134158536 120609264 109317017
Tamang YR_MN UpperMustang.LC Han 0.009880 7.268 -2.169 -4.099 58534417 -25622921 -32911496 11346444 14276477 18635019
Tamang YR_MN UpperMustang.LC Mala 0.638325 0.206 0.595 0.199 1478 -1466 -12 1519 -53 65
Tamang YR_MN UpperMustang.LC Pathan 0.000000 0.281 0.579 0.140 2603 -2611 8 2659 -47 39
Tamang YR_MN UpperMustang.LC Pulliyar 0.899238 0.195 0.595 0.210 1479 -1468 -11 1530 -62 73
Tamang YR_MN UpperMustang.LC Southeast_China 0.000001 33.071 -17.338 -14.732 1459842393 -807186669 -652655724 446753850 360432819 292222905
Tamang Yi Chokhopani Han 0.293766 -7.566 4.557 4.008 159505817 -74876185 -84629632 35331612 39544573 45085059
Tamang Yi Chokhopani Mala 0.217141 0.156 0.649 0.195 3323 -3466 143 3733 -267 124
Tamang Yi Chokhopani Pathan 0.043104 0.137 0.724 0.139 4073 -4186 113 4373 -188 74
Tamang Yi Chokhopani Pulliyar 0.020644 0.150 0.646 0.204 3657 -3833 175 4150 -317 142
Tamang Yi Chokhopani Southeast_China 0.024233 -4.941 3.856 2.085 2838886 -1660064 -1178822 990385 669679 509143
Tamang Yi Kyang Han 0.029534 -13913.007 5576.958 8337.048 1362467479 1467729493 1464770324 1436319335 1390918467 1439278506
Tamang Yi Kyang Mala 0.854927 0.316 0.476 0.208 1055 -1061 5 1132 -72 66
Tamang Yi Kyang Pathan 0.000000 0.343 0.511 0.146 1629 -1656 27 1724 -67 40
Tamang Yi Kyang Pulliyar 0.693611 0.305 0.476 0.218 1093 -1099 6 1179 -80 74
Tamang Yi Kyang Southeast_China 0.000029 -8.141 4.996 4.145 10907369 -5585170 -5322199 2883714 2701456 2620743
Tamang Yi Lubrak Han 0.012904 10.972 -3.578 -6.394 48385710 -19314960 -29070750 7792708 11522252 17548497
Tamang Yi Lubrak Mala 0.447161 0.310 0.459 0.231 1602 -1558 -44 1602 -44 88
Tamang Yi Lubrak Pathan 0.000000 0.320 0.518 0.161 3041 -3061 20 3141 -80 60
Tamang Yi Lubrak Pulliyar 0.519269 0.284 0.472 0.245 1719 -1671 -48 1726 -54 102
Tamang Yi Lubrak Southeast_China 0.002291 1035.559 -529.550 -505.010 -1775202113 1860098865 -84896753 -325540130 -1534558736 1619455488
Tamang Yi Mebrak Han 0.005602 2914.885 -1220.916 -1692.969 739545179 1652872697 1902549420 -1943413705 290541008 2101876868
Tamang Yi Mebrak Mala 0.166373 0.282 0.513 0.204 1254 -1272 18 1359 -87 68
Tamang Yi Mebrak Pathan 0.000000 0.310 0.550 0.140 2141 -2204 63 2309 -105 42
Tamang Yi Mebrak Pulliyar 0.326307 0.266 0.517 0.217 1288 -1304 15 1396 -93 77
Tamang Yi Mebrak Southeast_China 0.000257 -6.815 4.469 3.346 6075755 -3201252 -2874503 1704548 1496704 1377799
Tamang Yi Rhirhi Han 0.000701 -7.340 4.014 4.326 19418230 -8113173 -11305057 3434947 4678226 6626832
Tamang Yi Rhirhi Mala 0.313102 0.284 0.530 0.187 1544 -1611 67 1774 -163 96
Tamang Yi Rhirhi Pathan 0.000000 0.276 0.596 0.128 2262 -2357 95 2512 -155 60
Tamang Yi Rhirhi Pulliyar 0.309248 0.269 0.533 0.198 1619 -1696 77 1882 -186 109
Tamang Yi Rhirhi Southeast_China 0.000959 -3.498 2.756 1.741 797583 -422055 -375528 231040 191015 184514
Tamang Yi Samdzong Han 0.058776 -6.588 3.617 3.971 378313263 -157456271 -220856992 65734513 91721758 129135234
Tamang Yi Samdzong Mala 0.288852 0.281 0.520 0.200 1216 -1249 33 1348 -99 66
Tamang Yi Samdzong Pathan 0.000000 0.311 0.550 0.139 1973 -2037 64 2141 -104 40
Tamang Yi Samdzong Pulliyar 0.456481 0.261 0.528 0.211 1238 -1274 36 1386 -112 75
Tamang Yi Samdzong Southeast_China 0.000057 -5.362 3.710 2.652 1972885 -1040272 -932613 559369 480904 451709
Tamang Yi UpperMustang.LC Han 0.050122 114.331 -49.934 -63.397 572657109 218764290 -791421399 1814456174 -2033220464 -1470325433
Tamang Yi UpperMustang.LC Mala 0.662822 0.213 0.584 0.203 1409 -1422 13 1496 -74 61
Tamang Yi UpperMustang.LC Pathan 0.000000 0.249 0.608 0.143 2290 -2312 23 2371 -59 37
Tamang Yi UpperMustang.LC Pulliyar 0.757942 0.199 0.587 0.214 1451 -1470 19 1558 -88 69
Tamang Yi UpperMustang.LC Southeast_China 0.000102 -7.050 4.820 3.230 4031769 -2237835 -1793933 1257588 980248 813686
